0.4	 0.02	 10	 10	    -7.09732	   0.999829	   0.999829	    1
0.4	 0.04	 10	 10	    -5.97117	   0.998972	   0.998587	    0.9993
0.4	 0.06	 10	 10	    -5.14167	   0.997345	   0.996108	    0.9976
0.4	 0.08	 10	 10	    -4.49953	   0.995162	   0.993428	    0.996
0.4	 0.1	 10	 10	    -3.99612	   0.989078	   0.98382	    0.9895
0.4	 0.12	 10	 10	    -3.58798	   0.985463	   0.977272	    0.9837
0.4	 0.14	 10	 10	    -3.26709	   0.973876	   0.961993	    0.9745
0.4	 0.16	 10	 10	    -3.01332	   0.961964	   0.942638	    0.9603
0.4	 0.18	 10	 10	    -2.80354	   0.946179	   0.920331	    0.9456
0.4	 0.2	 10	 10	    -2.65701	   0.926275	   0.89184	    0.9258
0.4	 0.22	 10	 10	    -2.53003	   0.898288	   0.852419	    0.8974
0.4	 0.24	 10	 10	    -2.4334	   0.867003	   0.809062	    0.8673
0.4	 0.26	 10	 10	    -2.37537	   0.833328	   0.7615	    0.8322
0.4	 0.28	 10	 10	    -2.32599	   0.788415	   0.703677	    0.7876
0.4	 0.3	 10	 10	    -2.28993	   0.732745	   0.637347	    0.7385
0.4	 0.32	 10	 10	    -2.28209	   0.687031	   0.578977	    0.6967
0.4	 0.34	 10	 10	    -2.26968	   0.625104	   0.514439	    0.6481
0.4	 0.36	 10	 10	    -2.26162	   0.565582	   0.445708	    0.57952
0.4	 0.38	 10	 10	    -2.26055	   0.519403	   0.394167	    0.52302
0.4	 0.4	 10	 10	    -2.26312	   0.476234	   0.348801	    0.4588
0.4	 0.42	 10	 10	    -2.26549	   0.450162	   0.334531	    0.4507
0.4	 0.44	 10	 10	    -2.26842	   0.429101	   0.31528	    0.4251
0.4	 0.46	 10	 10	    -2.26276	   0.405917	   0.305514	    0.4144
0.4	 0.48	 10	 10	    -2.26624	   0.399301	   0.295647	    0.39094
0.4	 0.5	 10	 10	    -2.26776	   0.392457	   0.29298	    0.39018
0.4	 0.52	 10	 10	    -2.26781	   0.383129	   0.286154	    0.37622
0.4	 0.54	 10	 10	    -2.26647	   0.387485	   0.28711	    0.37234
0.4	 0.56	 10	 10	    -2.26898	   0.379484	   0.284096	    0.37824
0.4	 0.58	 10	 10	    -2.26668	   0.378883	   0.28263	    0.36848
0.4	 0.6	 10	 10	    -2.26942	   0.376316	   0.287691	    0.3933
0.4	 0.62	 10	 10	    -2.27125	   0.377114	   0.282363	    0.37648
0.4	 0.64	 10	 10	    -2.26827	   0.371909	   0.283954	    0.3874
0.4	 0.66	 10	 10	    -2.26715	   0.371689	   0.279329	    0.3733
0.4	 0.68	 10	 10	    -2.26544	   0.37399	   0.280657	    0.37466
0.4	 0.7	 10	 10	    -2.27058	   0.369459	   0.275988	    0.36
0.4	 0.72	 10	 10	    -2.27182	   0.37517	   0.282357	    0.37266
0.4	 0.74	 10	 10	    -2.27005	   0.369278	   0.279947	    0.3676
0.4	 0.76	 10	 10	    -2.26992	   0.368744	   0.277543	    0.36654
0.4	 0.78	 10	 10	    -2.26976	   0.368369	   0.279325	    0.36852
0.4	 0.8	 10	 10	    -2.26703	   0.367054	   0.273709	    0.3543
0.4	 0.82	 10	 10	    -2.26815	   0.370223	   0.280994	    0.37786
0.4	 0.84	 10	 10	    -2.27114	   0.368241	   0.280724	    0.38352
0.4	 0.86	 10	 10	    -2.26847	   0.372525	   0.283405	    0.37946
0.4	 0.88	 10	 10	    -2.26276	   0.36706	   0.276538	    0.36228
0.4	 0.9	 10	 10	    -2.2717	   0.373382	   0.280116	    0.37486
0.4	 0.92	 10	 10	    -2.27097	   0.373036	   0.282313	    0.37814
0.4	 0.94	 10	 10	    -2.27074	   0.372013	   0.281858	    0.37874
0.4	 0.96	 10	 10	    -2.26735	   0.368113	   0.279747	    0.369
0.4	 0.98	 10	 10	    -2.26973	   0.375319	   0.282624	    0.37848
0.4	 1	 10	 10	    -2.27648	   0.37121	   0.277192	    0.3608
0.4	 0.02	 10	 10	    -7.09757	   0.999704	   0.999693	    0.9998
0.4	 0.04	 10	 10	    -5.97215	   0.999121	   0.998531	    0.999
0.4	 0.06	 10	 10	    -5.14177	   0.998272	   0.997351	    0.9984
0.4	 0.08	 10	 10	    -4.50112	   0.995079	   0.992345	    0.9948
0.4	 0.1	 10	 10	    -3.99634	   0.989913	   0.984582	    0.9891
0.4	 0.12	 10	 10	    -3.5933	   0.98382	   0.975288	    0.9835
0.4	 0.14	 10	 10	    -3.26857	   0.973354	   0.960397	    0.9734
0.4	 0.16	 10	 10	    -3.013	   0.962292	   0.944008	    0.9626
0.4	 0.18	 10	 10	    -2.81699	   0.944601	   0.919681	    0.9467
0.4	 0.2	 10	 10	    -2.65412	   0.925772	   0.889663	    0.9271
0.4	 0.22	 10	 10	    -2.52494	   0.898361	   0.853171	    0.9015
0.4	 0.24	 10	 10	    -2.43142	   0.870826	   0.813738	    0.8714
0.4	 0.26	 10	 10	    -2.37026	   0.827031	   0.759889	    0.8335
0.4	 0.28	 10	 10	    -2.32196	   0.783944	   0.70273	    0.7933
0.4	 0.3	 10	 10	    -2.29188	   0.734219	   0.628888	    0.7237
0.4	 0.32	 10	 10	    -2.27699	   0.68886	   0.577732	    0.6858
0.4	 0.34	 10	 10	    -2.27199	   0.615305	   0.492937	    0.613
0.4	 0.36	 10	 10	    -2.26208	   0.560393	   0.435838	    0.5655
0.4	 0.38	 10	 10	    -2.2627	   0.505618	   0.386131	    0.5161
0.4	 0.4	 10	 10	    -2.26399	   0.490399	   0.367512	    0.49192
0.4	 0.42	 10	 10	    -2.26634	   0.449972	   0.333284	    0.44772
0.4	 0.44	 10	 10	    -2.26813	   0.422163	   0.314324	    0.42824
0.4	 0.46	 10	 10	    -2.26496	   0.416268	   0.313073	    0.42912
0.4	 0.48	 10	 10	    -2.26794	   0.394586	   0.295911	    0.40332
0.4	 0.5	 10	 10	    -2.26864	   0.39197	   0.290618	    0.38742
0.4	 0.52	 10	 10	    -2.26619	   0.386909	   0.289033	    0.38392
0.4	 0.54	 10	 10	    -2.26842	   0.379741	   0.285299	    0.37726
0.4	 0.56	 10	 10	    -2.26664	   0.37898	   0.283415	    0.37838
0.4	 0.58	 10	 10	    -2.26929	   0.375299	   0.283232	    0.37492
0.4	 0.6	 10	 10	    -2.26725	   0.377334	   0.283453	    0.37504
0.4	 0.62	 10	 10	    -2.26831	   0.374381	   0.281615	    0.37286
0.4	 0.64	 10	 10	    -2.26938	   0.37286	   0.282256	    0.37482
0.4	 0.66	 10	 10	    -2.26881	   0.363808	   0.273748	    0.35354
0.4	 0.68	 10	 10	    -2.26714	   0.37116	   0.280992	    0.37438
0.4	 0.7	 10	 10	    -2.26905	   0.372338	   0.282775	    0.3834
0.4	 0.72	 10	 10	    -2.27247	   0.373814	   0.282575	    0.38278
0.4	 0.74	 10	 10	    -2.26905	   0.372955	   0.278479	    0.36642
0.4	 0.76	 10	 10	    -2.27026	   0.366313	   0.278387	    0.36788
0.4	 0.78	 10	 10	    -2.26771	   0.370777	   0.278115	    0.36554
0.4	 0.8	 10	 10	    -2.2688	   0.365952	   0.278583	    0.36772
0.4	 0.82	 10	 10	    -2.27094	   0.366235	   0.277555	    0.36958
0.4	 0.84	 10	 10	    -2.2676	   0.372251	   0.280791	    0.37358
0.4	 0.86	 10	 10	    -2.26962	   0.370343	   0.278734	    0.36482
0.4	 0.88	 10	 10	    -2.26932	   0.368736	   0.277252	    0.36618
0.4	 0.9	 10	 10	    -2.26855	   0.370282	   0.280076	    0.3715
0.4	 0.92	 10	 10	    -2.26675	   0.369765	   0.280797	    0.37354
0.4	 0.94	 10	 10	    -2.26582	   0.370057	   0.277334	    0.36372
0.4	 0.96	 10	 10	    -2.27057	   0.367793	   0.277322	    0.3684
0.4	 0.98	 10	 10	    -2.2705	   0.367912	   0.279396	    0.37648
0.4	 1	 10	 10	    -2.27171	   0.368402	   0.278696	    0.37394
0.4	 0.02	 10	 10	    -7.09747	   0.999883	   0.999785	    0.9999
0.4	 0.04	 10	 10	    -5.97256	   0.999168	   0.998484	    0.9989
0.4	 0.06	 10	 10	    -5.14187	   0.997677	   0.99635	    0.9978
0.4	 0.08	 10	 10	    -4.50177	   0.994621	   0.992271	    0.9948
0.4	 0.1	 10	 10	    -3.99674	   0.990276	   0.98549	    0.9904
0.4	 0.12	 10	 10	    -3.59065	   0.984831	   0.976799	    0.9852
0.4	 0.14	 10	 10	    -3.27113	   0.973998	   0.961498	    0.9737
0.4	 0.16	 10	 10	    -3.00972	   0.962093	   0.943762	    0.9626
0.4	 0.18	 10	 10	    -2.81054	   0.946293	   0.92054	    0.9448
0.4	 0.2	 10	 10	    -2.64901	   0.925529	   0.89223	    0.9264
0.4	 0.22	 10	 10	    -2.52479	   0.89841	   0.85214	    0.8978
0.4	 0.24	 10	 10	    -2.42326	   0.86889	   0.812735	    0.8708
0.4	 0.26	 10	 10	    -2.36922	   0.830911	   0.759104	    0.8273
0.4	 0.28	 10	 10	    -2.32977	   0.790462	   0.708129	    0.7952
0.4	 0.3	 10	 10	    -2.29541	   0.74427	   0.643005	    0.7403
0.4	 0.32	 10	 10	    -2.28425	   0.692012	   0.586985	    0.704
0.4	 0.34	 10	 10	    -2.26471	   0.623593	   0.506414	    0.6385
0.4	 0.36	 10	 10	    -2.26719	   0.57732	   0.451409	    0.5787
0.4	 0.38	 10	 10	    -2.26496	   0.522155	   0.394305	    0.5128
0.4	 0.4	 10	 10	    -2.26851	   0.480226	   0.356942	    0.4777
0.4	 0.42	 10	 10	    -2.26627	   0.448114	   0.326884	    0.4312
0.4	 0.44	 10	 10	    -2.26693	   0.424636	   0.313105	    0.41972
0.4	 0.46	 10	 10	    -2.27061	   0.410107	   0.308142	    0.4188
0.4	 0.48	 10	 10	    -2.26125	   0.396183	   0.29587	    0.40034
0.4	 0.5	 10	 10	    -2.26539	   0.393102	   0.292151	    0.39482
0.4	 0.52	 10	 10	    -2.26616	   0.388137	   0.28634	    0.37696
0.4	 0.54	 10	 10	    -2.26487	   0.38202	   0.285092	    0.38152
0.4	 0.56	 10	 10	    -2.26605	   0.385587	   0.288199	    0.39198
0.4	 0.58	 10	 10	    -2.26665	   0.376173	   0.281661	    0.37458
0.4	 0.6	 10	 10	    -2.26465	   0.370495	   0.27793	    0.3694
0.4	 0.62	 10	 10	    -2.26974	   0.375206	   0.280594	    0.37186
0.4	 0.64	 10	 10	    -2.26877	   0.376623	   0.281726	    0.36512
0.4	 0.66	 10	 10	    -2.26955	   0.369112	   0.280339	    0.37606
0.4	 0.68	 10	 10	    -2.26552	   0.367551	   0.277275	    0.3675
0.4	 0.7	 10	 10	    -2.26734	   0.371317	   0.282766	    0.37792
0.4	 0.72	 10	 10	    -2.27337	   0.370028	   0.282197	    0.3781
0.4	 0.74	 10	 10	    -2.26975	   0.370642	   0.280357	    0.37444
0.4	 0.76	 10	 10	    -2.26766	   0.371806	   0.281615	    0.38084
0.4	 0.78	 10	 10	    -2.2663	   0.371247	   0.278977	    0.3696
0.4	 0.8	 10	 10	    -2.26327	   0.371264	   0.279169	    0.37352
0.4	 0.82	 10	 10	    -2.26994	   0.372161	   0.278551	    0.36562
0.4	 0.84	 10	 10	    -2.2702	   0.374904	   0.282683	    0.37726
0.4	 0.86	 10	 10	    -2.26838	   0.371345	   0.283874	    0.37842
0.4	 0.88	 10	 10	    -2.26716	   0.365994	   0.277227	    0.36788
0.4	 0.9	 10	 10	    -2.27268	   0.369148	   0.27902	    0.36846
0.4	 0.92	 10	 10	    -2.27117	   0.372852	   0.281423	    0.37352
0.4	 0.94	 10	 10	    -2.27518	   0.370003	   0.28098	    0.3794
0.4	 0.96	 10	 10	    -2.26823	   0.373899	   0.281747	    0.372
0.4	 0.98	 10	 10	    -2.27015	   0.368889	   0.279188	    0.37146
0.4	 1	 10	 10	    -2.26958	   0.373031	   0.279847	    0.36864
0.4	 0.02	 10	 10	    -7.09693	   0.999868	   0.999868	    1
0.4	 0.04	 10	 10	    -5.97203	   0.999422	   0.999243	    0.9997
0.4	 0.06	 10	 10	    -5.1421	   0.997188	   0.995754	    0.997
0.4	 0.08	 10	 10	    -4.50144	   0.995187	   0.992175	    0.9948
0.4	 0.1	 10	 10	    -3.99494	   0.990484	   0.985118	    0.9899
0.4	 0.12	 10	 10	    -3.59874	   0.983548	   0.974912	    0.9832
0.4	 0.14	 10	 10	    -3.26775	   0.973306	   0.960861	    0.9731
0.4	 0.16	 10	 10	    -3.01094	   0.96158	   0.943553	    0.9625
0.4	 0.18	 10	 10	    -2.80786	   0.944046	   0.919226	    0.946
0.4	 0.2	 10	 10	    -2.65291	   0.924503	   0.887954	    0.9235
0.4	 0.22	 10	 10	    -2.53134	   0.901008	   0.856728	    0.9026
0.4	 0.24	 10	 10	    -2.43741	   0.869539	   0.813019	    0.8696
0.4	 0.26	 10	 10	    -2.36604	   0.825355	   0.755071	    0.8283
0.4	 0.28	 10	 10	    -2.3177	   0.789383	   0.706871	    0.7934
0.4	 0.3	 10	 10	    -2.29183	   0.738292	   0.64163	    0.7404
0.4	 0.32	 10	 10	    -2.28045	   0.67873	   0.560255	    0.6714
0.4	 0.34	 10	 10	    -2.26675	   0.623998	   0.50398	    0.6225
0.4	 0.36	 10	 10	    -2.26884	   0.567368	   0.440133	    0.5645
0.4	 0.38	 10	 10	    -2.26739	   0.499816	   0.379808	    0.5139
0.4	 0.4	 10	 10	    -2.2677	   0.489724	   0.362598	    0.4825
0.4	 0.42	 10	 10	    -2.26197	   0.447835	   0.33523	    0.4572
0.4	 0.44	 10	 10	    -2.2679	   0.413802	   0.310123	    0.42612
0.4	 0.46	 10	 10	    -2.26573	   0.400667	   0.294643	    0.38768
0.4	 0.48	 10	 10	    -2.26827	   0.396779	   0.29678	    0.40462
0.4	 0.5	 10	 10	    -2.26804	   0.390427	   0.294153	    0.40236
0.4	 0.52	 10	 10	    -2.2658	   0.390336	   0.291012	    0.38902
0.4	 0.54	 10	 10	    -2.26705	   0.383189	   0.288144	    0.38348
0.4	 0.56	 10	 10	    -2.26796	   0.383799	   0.284865	    0.37654
0.4	 0.58	 10	 10	    -2.26533	   0.377099	   0.284011	    0.3786
0.4	 0.6	 10	 10	    -2.26436	   0.377833	   0.28007	    0.36594
0.4	 0.62	 10	 10	    -2.26636	   0.374699	   0.278963	    0.36194
0.4	 0.64	 10	 10	    -2.26559	   0.378514	   0.284754	    0.37562
0.4	 0.66	 10	 10	    -2.26922	   0.373197	   0.281278	    0.3712
0.4	 0.68	 10	 10	    -2.26784	   0.370066	   0.280684	    0.37632
0.4	 0.7	 10	 10	    -2.27386	   0.372396	   0.281284	    0.37922
0.4	 0.72	 10	 10	    -2.26752	   0.370832	   0.281254	    0.38114
0.4	 0.74	 10	 10	    -2.27241	   0.371271	   0.283178	    0.38376
0.4	 0.76	 10	 10	    -2.26999	   0.368017	   0.277595	    0.36692
0.4	 0.78	 10	 10	    -2.27256	   0.370301	   0.279753	    0.36684
0.4	 0.8	 10	 10	    -2.2683	   0.371071	   0.279643	    0.36964
0.4	 0.82	 10	 10	    -2.26868	   0.370059	   0.280909	    0.37726
0.4	 0.84	 10	 10	    -2.27005	   0.368004	   0.279962	    0.3768
0.4	 0.86	 10	 10	    -2.26841	   0.371052	   0.281164	    0.37202
0.4	 0.88	 10	 10	    -2.27057	   0.368463	   0.278731	    0.36868
0.4	 0.9	 10	 10	    -2.27246	   0.374768	   0.278078	    0.3618
0.4	 0.92	 10	 10	    -2.26796	   0.370311	   0.279513	    0.3686
0.4	 0.94	 10	 10	    -2.26702	   0.369815	   0.279745	    0.36536
0.4	 0.96	 10	 10	    -2.26995	   0.366428	   0.275924	    0.3629
0.4	 0.98	 10	 10	    -2.27241	   0.372167	   0.28089	    0.37638
0.4	 1	 10	 10	    -2.27069	   0.371227	   0.279116	    0.3667
0.4	 0.02	 10	 10	    -7.09807	   0.999781	   0.999644	    0.9998
0.4	 0.04	 10	 10	    -5.97126	   0.999192	   0.998872	    0.9992
0.4	 0.06	 10	 10	    -5.14117	   0.997532	   0.996449	    0.9976
0.4	 0.08	 10	 10	    -4.49932	   0.995119	   0.993131	    0.9961
0.4	 0.1	 10	 10	    -3.99199	   0.991025	   0.987089	    0.9919
0.4	 0.12	 10	 10	    -3.59199	   0.982361	   0.97418	    0.9828
0.4	 0.14	 10	 10	    -3.27278	   0.975589	   0.962498	    0.9734
0.4	 0.16	 10	 10	    -3.00993	   0.961933	   0.944426	    0.9634
0.4	 0.18	 10	 10	    -2.81209	   0.944232	   0.91826	    0.9444
0.4	 0.2	 10	 10	    -2.64868	   0.924661	   0.891522	    0.9264
0.4	 0.22	 10	 10	    -2.52751	   0.900279	   0.856048	    0.9012
0.4	 0.24	 10	 10	    -2.44092	   0.868606	   0.810105	    0.8688
0.4	 0.26	 10	 10	    -2.37339	   0.832977	   0.762216	    0.8288
0.4	 0.28	 10	 10	    -2.32725	   0.787834	   0.70026	    0.7831
0.4	 0.3	 10	 10	    -2.29602	   0.738114	   0.641944	    0.7454
0.4	 0.32	 10	 10	    -2.2747	   0.686195	   0.57747	    0.6907
0.4	 0.34	 10	 10	    -2.27119	   0.617646	   0.495344	    0.6162
0.4	 0.36	 10	 10	    -2.26265	   0.568805	   0.446497	    0.577
0.4	 0.38	 10	 10	    -2.26224	   0.521426	   0.394639	    0.51812
0.4	 0.4	 10	 10	    -2.26111	   0.461103	   0.353037	    0.4873
0.4	 0.42	 10	 10	    -2.26773	   0.43884	   0.325961	    0.43904
0.4	 0.44	 10	 10	    -2.26447	   0.422833	   0.311298	    0.41932
0.4	 0.46	 10	 10	    -2.26814	   0.415428	   0.305956	    0.41122
0.4	 0.48	 10	 10	    -2.26266	   0.407122	   0.304364	    0.41668
0.4	 0.5	 10	 10	    -2.26981	   0.393856	   0.292425	    0.38672
0.4	 0.52	 10	 10	    -2.26554	   0.385593	   0.287987	    0.3846
0.4	 0.54	 10	 10	    -2.26606	   0.382176	   0.285557	    0.38048
0.4	 0.56	 10	 10	    -2.26635	   0.38158	   0.284388	    0.3734
0.4	 0.58	 10	 10	    -2.26543	   0.378959	   0.28128	    0.36746
0.4	 0.6	 10	 10	    -2.26809	   0.378565	   0.285403	    0.38576
0.4	 0.62	 10	 10	    -2.2674	   0.378105	   0.285968	    0.38728
0.4	 0.64	 10	 10	    -2.26877	   0.37346	   0.27976	    0.36988
0.4	 0.66	 10	 10	    -2.26774	   0.375238	   0.281122	    0.3735
0.4	 0.68	 10	 10	    -2.26738	   0.373856	   0.283025	    0.3763
0.4	 0.7	 10	 10	    -2.26633	   0.376775	   0.284591	    0.38464
0.4	 0.72	 10	 10	    -2.26707	   0.370099	   0.280611	    0.37946
0.4	 0.74	 10	 10	    -2.26684	   0.366568	   0.278361	    0.3646
0.4	 0.76	 10	 10	    -2.27107	   0.370595	   0.281192	    0.37718
0.4	 0.78	 10	 10	    -2.26759	   0.368805	   0.276834	    0.36674
0.4	 0.8	 10	 10	    -2.2694	   0.372655	   0.281965	    0.38096
0.4	 0.82	 10	 10	    -2.2699	   0.366954	   0.279571	    0.37234
0.4	 0.84	 10	 10	    -2.26882	   0.372918	   0.28045	    0.37034
0.4	 0.86	 10	 10	    -2.26814	   0.368358	   0.279983	    0.37362
0.4	 0.88	 10	 10	    -2.26854	   0.370869	   0.278622	    0.36252
0.4	 0.9	 10	 10	    -2.27026	   0.366133	   0.278024	    0.36702
0.4	 0.92	 10	 10	    -2.26869	   0.371737	   0.279875	    0.3705
0.4	 0.94	 10	 10	    -2.27257	   0.37292	   0.280823	    0.37464
0.4	 0.96	 10	 10	    -2.26837	   0.372201	   0.279952	    0.37236
0.4	 0.98	 10	 10	    -2.27141	   0.369485	   0.277474	    0.36224
0.4	 1	 10	 10	    -2.27105	   0.367519	   0.276514	    0.36002
0.4	 0.02	 10	 10	    -7.09801	   0.999725	   0.999387	    0.9995
0.4	 0.04	 10	 10	    -5.97188	   0.99892	   0.998403	    0.9989
0.4	 0.06	 10	 10	    -5.14173	   0.997766	   0.996798	    0.9978
0.4	 0.08	 10	 10	    -4.49841	   0.995229	   0.992526	    0.9947
0.4	 0.1	 10	 10	    -3.99219	   0.990633	   0.985768	    0.9913
0.4	 0.12	 10	 10	    -3.59377	   0.983689	   0.975668	    0.9843
0.4	 0.14	 10	 10	    -3.27053	   0.975091	   0.962215	    0.9739
0.4	 0.16	 10	 10	    -3.00744	   0.962504	   0.943447	    0.9612
0.4	 0.18	 10	 10	    -2.80708	   0.943574	   0.91789	    0.9448
0.4	 0.2	 10	 10	    -2.64496	   0.925729	   0.895235	    0.9319
0.4	 0.22	 10	 10	    -2.51997	   0.898115	   0.85258	    0.9004
0.4	 0.24	 10	 10	    -2.43297	   0.869794	   0.811504	    0.8663
0.4	 0.26	 10	 10	    -2.3717	   0.831055	   0.758951	    0.8287
0.4	 0.28	 10	 10	    -2.32212	   0.792736	   0.708832	    0.7939
0.4	 0.3	 10	 10	    -2.29553	   0.736675	   0.639834	    0.7447
0.4	 0.32	 10	 10	    -2.28193	   0.684374	   0.574988	    0.6865
0.4	 0.34	 10	 10	    -2.2631	   0.624567	   0.500898	    0.6195
0.4	 0.36	 10	 10	    -2.26965	   0.552454	   0.426366	    0.5511
0.4	 0.38	 10	 10	    -2.26549	   0.532123	   0.40798	    0.5361
0.4	 0.4	 10	 10	    -2.26932	   0.470898	   0.34393	    0.4543
0.4	 0.42	 10	 10	    -2.26768	   0.44895	   0.333514	    0.45142
0.4	 0.44	 10	 10	    -2.26767	   0.424575	   0.313258	    0.42096
0.4	 0.46	 10	 10	    -2.26697	   0.413471	   0.309577	    0.4235
0.4	 0.48	 10	 10	    -2.26352	   0.397577	   0.297633	    0.40672
0.4	 0.5	 10	 10	    -2.26445	   0.39206	   0.29449	    0.39544
0.4	 0.52	 10	 10	    -2.26767	   0.38771	   0.287804	    0.38446
0.4	 0.54	 10	 10	    -2.27092	   0.384823	   0.286677	    0.38296
0.4	 0.56	 10	 10	    -2.2696	   0.376364	   0.283363	    0.38042
0.4	 0.58	 10	 10	    -2.2687	   0.378851	   0.290306	    0.40224
0.4	 0.6	 10	 10	    -2.26744	   0.3794	   0.280362	    0.36268
0.4	 0.62	 10	 10	    -2.2706	   0.370282	   0.279299	    0.36688
0.4	 0.64	 10	 10	    -2.26923	   0.372013	   0.282619	    0.3785
0.4	 0.66	 10	 10	    -2.27165	   0.374334	   0.283145	    0.37874
0.4	 0.68	 10	 10	    -2.26802	   0.378059	   0.28525	    0.38508
0.4	 0.7	 10	 10	    -2.27391	   0.369755	   0.279893	    0.36798
0.4	 0.72	 10	 10	    -2.2665	   0.367299	   0.278363	    0.36904
0.4	 0.74	 10	 10	    -2.26612	   0.367617	   0.276539	    0.359
0.4	 0.76	 10	 10	    -2.27076	   0.370645	   0.278678	    0.37006
0.4	 0.78	 10	 10	    -2.26725	   0.374023	   0.280768	    0.37096
0.4	 0.8	 10	 10	    -2.26898	   0.368334	   0.280391	    0.37758
0.4	 0.82	 10	 10	    -2.26709	   0.368594	   0.277944	    0.37026
0.4	 0.84	 10	 10	    -2.26839	   0.369428	   0.279428	    0.37488
0.4	 0.86	 10	 10	    -2.26795	   0.366756	   0.275751	    0.3601
0.4	 0.88	 10	 10	    -2.27096	   0.367001	   0.279154	    0.37378
0.4	 0.9	 10	 10	    -2.2723	   0.369268	   0.278523	    0.36686
0.4	 0.92	 10	 10	    -2.26651	   0.372124	   0.281912	    0.37726
0.4	 0.94	 10	 10	    -2.26862	   0.372156	   0.282393	    0.37596
0.4	 0.96	 10	 10	    -2.27081	   0.368418	   0.278716	    0.37032
0.4	 0.98	 10	 10	    -2.268	   0.370757	   0.277962	    0.36266
0.4	 1	 10	 10	    -2.27477	   0.371052	   0.276361	    0.35444
0.4	 0.02	 10	 10	    -7.09778	   0.999796	   0.999578	    0.9997
0.4	 0.04	 10	 10	    -5.97161	   0.999097	   0.998683	    0.9992
0.4	 0.06	 10	 10	    -5.14202	   0.997461	   0.995631	    0.997
0.4	 0.08	 10	 10	    -4.50191	   0.99477	   0.991467	    0.9942
0.4	 0.1	 10	 10	    -3.99799	   0.989972	   0.983959	    0.9887
0.4	 0.12	 10	 10	    -3.59166	   0.984792	   0.978127	    0.9874
0.4	 0.14	 10	 10	    -3.27212	   0.975229	   0.961557	    0.9738
0.4	 0.16	 10	 10	    -3.01407	   0.962205	   0.943709	    0.9613
0.4	 0.18	 10	 10	    -2.80697	   0.947273	   0.920486	    0.9444
0.4	 0.2	 10	 10	    -2.65434	   0.925171	   0.89011	    0.9236
0.4	 0.22	 10	 10	    -2.5321	   0.896512	   0.848766	    0.8937
0.4	 0.24	 10	 10	    -2.43349	   0.869241	   0.813846	    0.8727
0.4	 0.26	 10	 10	    -2.36942	   0.825433	   0.759405	    0.833
0.4	 0.28	 10	 10	    -2.32113	   0.782782	   0.695908	    0.7799
0.4	 0.3	 10	 10	    -2.29775	   0.73773	   0.640597	    0.7419
0.4	 0.32	 10	 10	    -2.28127	   0.6886	   0.576214	    0.6844
0.4	 0.34	 10	 10	    -2.27134	   0.62517	   0.499425	    0.6191
0.4	 0.36	 10	 10	    -2.26704	   0.572186	   0.450246	    0.5801
0.4	 0.38	 10	 10	    -2.26173	   0.508838	   0.385675	    0.5132
0.4	 0.4	 10	 10	    -2.26229	   0.486181	   0.361963	    0.4829
0.4	 0.42	 10	 10	    -2.272	   0.439204	   0.328216	    0.44602
0.4	 0.44	 10	 10	    -2.26236	   0.41502	   0.306331	    0.41112
0.4	 0.46	 10	 10	    -2.26667	   0.405388	   0.304641	    0.41232
0.4	 0.48	 10	 10	    -2.27014	   0.398999	   0.299529	    0.4097
0.4	 0.5	 10	 10	    -2.26939	   0.392606	   0.289931	    0.38874
0.4	 0.52	 10	 10	    -2.26707	   0.391664	   0.293771	    0.39932
0.4	 0.54	 10	 10	    -2.26634	   0.382019	   0.286889	    0.38488
0.4	 0.56	 10	 10	    -2.26907	   0.374215	   0.28041	    0.3706
0.4	 0.58	 10	 10	    -2.26627	   0.377056	   0.282255	    0.3732
0.4	 0.6	 10	 10	    -2.27063	   0.375174	   0.282897	    0.37416
0.4	 0.62	 10	 10	    -2.27364	   0.377686	   0.284062	    0.3808
0.4	 0.64	 10	 10	    -2.2677	   0.372268	   0.281271	    0.37374
0.4	 0.66	 10	 10	    -2.26782	   0.374273	   0.281274	    0.37192
0.4	 0.68	 10	 10	    -2.26905	   0.374138	   0.281285	    0.36716
0.4	 0.7	 10	 10	    -2.26915	   0.370221	   0.27511	    0.356
0.4	 0.72	 10	 10	    -2.27088	   0.36894	   0.274838	    0.35152
0.4	 0.74	 10	 10	    -2.26903	   0.371411	   0.280886	    0.37816
0.4	 0.76	 10	 10	    -2.2704	   0.374578	   0.282164	    0.3803
0.4	 0.78	 10	 10	    -2.26433	   0.367711	   0.278294	    0.36772
0.4	 0.8	 10	 10	    -2.26629	   0.370939	   0.283264	    0.37722
0.4	 0.82	 10	 10	    -2.26448	   0.372505	   0.280746	    0.37872
0.4	 0.84	 10	 10	    -2.2713	   0.370631	   0.27809	    0.3647
0.4	 0.86	 10	 10	    -2.268	   0.371271	   0.282723	    0.38388
0.4	 0.88	 10	 10	    -2.27155	   0.36975	   0.282697	    0.38186
0.4	 0.9	 10	 10	    -2.2721	   0.374826	   0.28347	    0.3785
0.4	 0.92	 10	 10	    -2.26941	   0.372131	   0.280008	    0.37618
0.4	 0.94	 10	 10	    -2.2721	   0.364951	   0.276119	    0.35994
0.4	 0.96	 10	 10	    -2.26989	   0.369912	   0.280352	    0.36886
0.4	 0.98	 10	 10	    -2.26517	   0.367273	   0.275559	    0.35804
0.4	 1	 10	 10	    -2.27186	   0.37135	   0.281591	    0.37904
0.4	 0.02	 10	 10	    -7.09806	   0.999808	   0.99972	    0.9998
0.4	 0.04	 10	 10	    -5.9719	   0.998983	   0.99844	    0.9988
0.4	 0.06	 10	 10	    -5.14115	   0.997503	   0.996467	    0.9981
0.4	 0.08	 10	 10	    -4.50269	   0.994941	   0.991958	    0.9943
0.4	 0.1	 10	 10	    -3.99393	   0.990793	   0.985054	    0.99
0.4	 0.12	 10	 10	    -3.5934	   0.983769	   0.975247	    0.9833
0.4	 0.14	 10	 10	    -3.26627	   0.975104	   0.963643	    0.9767
0.4	 0.16	 10	 10	    -3.00788	   0.960344	   0.94135	    0.9596
0.4	 0.18	 10	 10	    -2.80423	   0.943625	   0.918561	    0.9432
0.4	 0.2	 10	 10	    -2.65744	   0.925487	   0.890897	    0.9258
0.4	 0.22	 10	 10	    -2.52337	   0.89992	   0.855487	    0.9001
0.4	 0.24	 10	 10	    -2.42235	   0.867837	   0.811245	    0.868
0.4	 0.26	 10	 10	    -2.37603	   0.829877	   0.754856	    0.8271
0.4	 0.28	 10	 10	    -2.3134	   0.785969	   0.705872	    0.7937
0.4	 0.3	 10	 10	    -2.29493	   0.740551	   0.645514	    0.7511
0.4	 0.32	 10	 10	    -2.28588	   0.688386	   0.578536	    0.6912
0.4	 0.34	 10	 10	    -2.27005	   0.626974	   0.511067	    0.6357
0.4	 0.36	 10	 10	    -2.25634	   0.571713	   0.443571	    0.5698
0.4	 0.38	 10	 10	    -2.26837	   0.518886	   0.399297	    0.53222
0.4	 0.4	 10	 10	    -2.26566	   0.467816	   0.352267	    0.48252
0.4	 0.42	 10	 10	    -2.27294	   0.446675	   0.323935	    0.4319
0.4	 0.44	 10	 10	    -2.26616	   0.425221	   0.319438	    0.4356
0.4	 0.46	 10	 10	    -2.26795	   0.41315	   0.311296	    0.42922
0.4	 0.48	 10	 10	    -2.26768	   0.399765	   0.296827	    0.39794
0.4	 0.5	 10	 10	    -2.2701	   0.390285	   0.289898	    0.37976
0.4	 0.52	 10	 10	    -2.26944	   0.384167	   0.28709	    0.38556
0.4	 0.54	 10	 10	    -2.26587	   0.378362	   0.283331	    0.37342
0.4	 0.56	 10	 10	    -2.2655	   0.381739	   0.285638	    0.37866
0.4	 0.58	 10	 10	    -2.26841	   0.37747	   0.283872	    0.3839
0.4	 0.6	 10	 10	    -2.26826	   0.377005	   0.282984	    0.3797
0.4	 0.62	 10	 10	    -2.26919	   0.37686	   0.286413	    0.38184
0.4	 0.64	 10	 10	    -2.2693	   0.368639	   0.278418	    0.36368
0.4	 0.66	 10	 10	    -2.2673	   0.370608	   0.280099	    0.37478
0.4	 0.68	 10	 10	    -2.26755	   0.372654	   0.280276	    0.3676
0.4	 0.7	 10	 10	    -2.26808	   0.370339	   0.279604	    0.37218
0.4	 0.72	 10	 10	    -2.27164	   0.372614	   0.28369	    0.38094
0.4	 0.74	 10	 10	    -2.26813	   0.369445	   0.27932	    0.3658
0.4	 0.76	 10	 10	    -2.26676	   0.369469	   0.280248	    0.37638
0.4	 0.78	 10	 10	    -2.26981	   0.370505	   0.280446	    0.37304
0.4	 0.8	 10	 10	    -2.26763	   0.365689	   0.277337	    0.37166
0.4	 0.82	 10	 10	    -2.27078	   0.371397	   0.283004	    0.3856
0.4	 0.84	 10	 10	    -2.26859	   0.374052	   0.276788	    0.35928
0.4	 0.86	 10	 10	    -2.2719	   0.370637	   0.280387	    0.3734
0.4	 0.88	 10	 10	    -2.26975	   0.368124	   0.276552	    0.36342
0.4	 0.9	 10	 10	    -2.27212	   0.369554	   0.278843	    0.36984
0.4	 0.92	 10	 10	    -2.26758	   0.367433	   0.277228	    0.36574
0.4	 0.94	 10	 10	    -2.26958	   0.371418	   0.280365	    0.37912
0.4	 0.96	 10	 10	    -2.27135	   0.369442	   0.279696	    0.37084
0.4	 0.98	 10	 10	    -2.27599	   0.36836	   0.278476	    0.36684
0.4	 1	 10	 10	    -2.27497	   0.372732	   0.285706	    0.38752
0.4	 0.02	 10	 10	    -7.09805	   0.999704	   0.999704	    1
0.4	 0.04	 10	 10	    -5.97201	   0.999031	   0.998633	    0.9992
0.4	 0.06	 10	 10	    -5.13961	   0.997921	   0.997212	    0.9986
0.4	 0.08	 10	 10	    -4.50299	   0.994775	   0.992079	    0.9949
0.4	 0.1	 10	 10	    -3.99631	   0.990357	   0.984945	    0.9884
0.4	 0.12	 10	 10	    -3.5947	   0.983623	   0.974888	    0.9827
0.4	 0.14	 10	 10	    -3.27346	   0.974773	   0.961216	    0.9731
0.4	 0.16	 10	 10	    -3.01648	   0.960428	   0.941168	    0.9586
0.4	 0.18	 10	 10	    -2.81126	   0.946652	   0.920514	    0.9468
0.4	 0.2	 10	 10	    -2.64532	   0.924204	   0.889427	    0.923
0.4	 0.22	 10	 10	    -2.52375	   0.897584	   0.855426	    0.9048
0.4	 0.24	 10	 10	    -2.43299	   0.866198	   0.804852	    0.8614
0.4	 0.26	 10	 10	    -2.37385	   0.834259	   0.763798	    0.8334
0.4	 0.28	 10	 10	    -2.32389	   0.790921	   0.706372	    0.7898
0.4	 0.3	 10	 10	    -2.29026	   0.733406	   0.63622	    0.7363
0.4	 0.32	 10	 10	    -2.27485	   0.686123	   0.57468	    0.6896
0.4	 0.34	 10	 10	    -2.2647	   0.62742	   0.504509	    0.6241
0.4	 0.36	 10	 10	    -2.26846	   0.566429	   0.441942	    0.5679
0.4	 0.38	 10	 10	    -2.26557	   0.498233	   0.375384	    0.5017
0.4	 0.4	 10	 10	    -2.26373	   0.464669	   0.350534	    0.47542
0.4	 0.42	 10	 10	    -2.26505	   0.44517	   0.327247	    0.4343
0.4	 0.44	 10	 10	    -2.27019	   0.424117	   0.306399	    0.3956
0.4	 0.46	 10	 10	    -2.27491	   0.406713	   0.301181	    0.40374
0.4	 0.48	 10	 10	    -2.26495	   0.406096	   0.30385	    0.4132
0.4	 0.5	 10	 10	    -2.26564	   0.387833	   0.293165	    0.4016
0.4	 0.52	 10	 10	    -2.26524	   0.388746	   0.289667	    0.38462
0.4	 0.54	 10	 10	    -2.2686	   0.380089	   0.286896	    0.39374
0.4	 0.56	 10	 10	    -2.27126	   0.379224	   0.284532	    0.372
0.4	 0.58	 10	 10	    -2.26696	   0.376991	   0.286065	    0.38294
0.4	 0.6	 10	 10	    -2.26854	   0.374183	   0.280427	    0.37126
0.4	 0.62	 10	 10	    -2.27215	   0.378924	   0.283635	    0.37442
0.4	 0.64	 10	 10	    -2.26688	   0.368957	   0.280076	    0.37816
0.4	 0.66	 10	 10	    -2.2684	   0.37269	   0.27862	    0.36154
0.4	 0.68	 10	 10	    -2.26746	   0.374575	   0.282986	    0.37478
0.4	 0.7	 10	 10	    -2.26836	   0.369938	   0.279153	    0.36572
0.4	 0.72	 10	 10	    -2.26534	   0.369616	   0.279225	    0.3656
0.4	 0.74	 10	 10	    -2.26839	   0.37044	   0.280906	    0.37454
0.4	 0.76	 10	 10	    -2.27047	   0.377496	   0.281857	    0.37456
0.4	 0.78	 10	 10	    -2.27055	   0.373289	   0.28424	    0.38836
0.4	 0.8	 10	 10	    -2.26613	   0.37343	   0.281884	    0.38062
0.4	 0.82	 10	 10	    -2.26267	   0.373675	   0.279098	    0.36934
0.4	 0.84	 10	 10	    -2.26701	   0.370318	   0.281205	    0.38132
0.4	 0.86	 10	 10	    -2.26853	   0.371957	   0.282038	    0.38076
0.4	 0.88	 10	 10	    -2.2748	   0.366907	   0.276688	    0.36172
0.4	 0.9	 10	 10	    -2.2669	   0.370242	   0.280855	    0.382
0.4	 0.92	 10	 10	    -2.26817	   0.36597	   0.277914	    0.36956
0.4	 0.94	 10	 10	    -2.26934	   0.371963	   0.275892	    0.35702
0.4	 0.96	 10	 10	    -2.27318	   0.369098	   0.276941	    0.35996
0.4	 0.98	 10	 10	    -2.26858	   0.369055	   0.280457	    0.3692
0.4	 1	 10	 10	    -2.26586	   0.373212	   0.279667	    0.36918
0.4	 0.02	 10	 10	    -7.09749	   0.999755	   0.999631	    0.9998
0.4	 0.04	 10	 10	    -5.97236	   0.99893	   0.99841	    0.9988
0.4	 0.06	 10	 10	    -5.14307	   0.99775	   0.996599	    0.9978
0.4	 0.08	 10	 10	    -4.50217	   0.994779	   0.99288	    0.9958
0.4	 0.1	 10	 10	    -3.99816	   0.990142	   0.984822	    0.9896
0.4	 0.12	 10	 10	    -3.5966	   0.983377	   0.974587	    0.983
0.4	 0.14	 10	 10	    -3.26916	   0.973609	   0.962111	    0.9747
0.4	 0.16	 10	 10	    -3.01288	   0.961937	   0.94459	    0.9632
0.4	 0.18	 10	 10	    -2.80888	   0.942915	   0.916579	    0.9428
0.4	 0.2	 10	 10	    -2.64563	   0.923969	   0.889561	    0.9241
0.4	 0.22	 10	 10	    -2.53338	   0.900654	   0.854341	    0.9006
0.4	 0.24	 10	 10	    -2.43978	   0.86964	   0.813276	    0.8695
0.4	 0.26	 10	 10	    -2.36849	   0.8327	   0.764851	    0.8375
0.4	 0.28	 10	 10	    -2.31912	   0.790078	   0.707626	    0.7964
0.4	 0.3	 10	 10	    -2.29362	   0.735685	   0.635645	    0.7374
0.4	 0.32	 10	 10	    -2.27643	   0.676426	   0.563985	    0.6787
0.4	 0.34	 10	 10	    -2.27114	   0.623055	   0.501788	    0.6175
0.4	 0.36	 10	 10	    -2.2657	   0.560835	   0.437757	    0.5661
0.4	 0.38	 10	 10	    -2.26763	   0.50591	   0.390126	    0.5238
0.4	 0.4	 10	 10	    -2.26133	   0.472556	   0.359671	    0.49082
0.4	 0.42	 10	 10	    -2.26425	   0.439699	   0.327235	    0.4404
0.4	 0.44	 10	 10	    -2.2615	   0.422801	   0.315019	    0.4295
0.4	 0.46	 10	 10	    -2.26895	   0.407177	   0.305699	    0.41716
0.4	 0.48	 10	 10	    -2.26801	   0.401526	   0.296887	    0.3965
0.4	 0.5	 10	 10	    -2.26532	   0.391082	   0.293598	    0.403
0.4	 0.52	 10	 10	    -2.27043	   0.392507	   0.29214	    0.39244
0.4	 0.54	 10	 10	    -2.26827	   0.382103	   0.286742	    0.38416
0.4	 0.56	 10	 10	    -2.2677	   0.382269	   0.286301	    0.38602
0.4	 0.58	 10	 10	    -2.26714	   0.375578	   0.281345	    0.37128
0.4	 0.6	 10	 10	    -2.2672	   0.372653	   0.281446	    0.37644
0.4	 0.62	 10	 10	    -2.26616	   0.379004	   0.287412	    0.38572
0.4	 0.64	 10	 10	    -2.27037	   0.37738	   0.284779	    0.38126
0.4	 0.66	 10	 10	    -2.26892	   0.371711	   0.278036	    0.36374
0.4	 0.68	 10	 10	    -2.26983	   0.375355	   0.28096	    0.37268
0.4	 0.7	 10	 10	    -2.26982	   0.369435	   0.27993	    0.37196
0.4	 0.72	 10	 10	    -2.26344	   0.370921	   0.282631	    0.38032
0.4	 0.74	 10	 10	    -2.27435	   0.369323	   0.277806	    0.36434
0.4	 0.76	 10	 10	    -2.26737	   0.36934	   0.281474	    0.37532
0.4	 0.78	 10	 10	    -2.27078	   0.369712	   0.277799	    0.36366
0.4	 0.8	 10	 10	    -2.26662	   0.371811	   0.281037	    0.3732
0.4	 0.82	 10	 10	    -2.26892	   0.370946	   0.276282	    0.35788
0.4	 0.84	 10	 10	    -2.27248	   0.372149	   0.281787	    0.38422
0.4	 0.86	 10	 10	    -2.26648	   0.368293	   0.279351	    0.37558
0.4	 0.88	 10	 10	    -2.26613	   0.369486	   0.279712	    0.36892
0.4	 0.9	 10	 10	    -2.27021	   0.369737	   0.280736	    0.38208
0.4	 0.92	 10	 10	    -2.26877	   0.366539	   0.275811	    0.358
0.4	 0.94	 10	 10	    -2.27153	   0.372963	   0.279136	    0.36736
0.4	 0.96	 10	 10	    -2.26819	   0.374909	   0.280139	    0.37362
0.4	 0.98	 10	 10	    -2.26696	   0.369495	   0.278939	    0.36538
0.4	 1	 10	 10	    -2.27325	   0.370946	   0.280066	    0.37058
