0.02	 0.1	 10	 10	    -6.86262	   0.999976	   0.999918	    0.9999
0.04	 0.1	 10	 10	    -6.29754	   0.999886	   0.999886	    1
0.06	 0.1	 10	 10	    -5.8793	   0.999843	   0.999843	    1
0.08	 0.1	 10	 10	    -5.55548	   0.999647	   0.999352	    0.9996
0.1	 0.1	 10	 10	    -5.29624	   0.99941	   0.999196	    0.9996
0.12	 0.1	 10	 10	    -5.08463	   0.998998	   0.998505	    0.9986
0.14	 0.1	 10	 10	    -4.90298	   0.998919	   0.998245	    0.9987
0.16	 0.1	 10	 10	    -4.75608	   0.998604	   0.998015	    0.9987
0.18	 0.1	 10	 10	    -4.631	   0.997939	   0.996827	    0.9979
0.2	 0.1	 10	 10	    -4.52574	   0.996833	   0.995704	    0.9975
0.22	 0.1	 10	 10	    -4.43242	   0.996843	   0.995549	    0.9973
0.24	 0.1	 10	 10	    -4.35488	   0.995898	   0.993797	    0.9951
0.26	 0.1	 10	 10	    -4.28884	   0.995524	   0.993714	    0.9959
0.28	 0.1	 10	 10	    -4.22771	   0.994329	   0.991959	    0.9946
0.3	 0.1	 10	 10	    -4.17715	   0.993915	   0.991131	    0.9946
0.32	 0.1	 10	 10	    -4.12868	   0.992694	   0.989251	    0.9928
0.34	 0.1	 10	 10	    -4.09341	   0.992502	   0.988371	    0.9921
0.36	 0.1	 10	 10	    -4.05384	   0.991874	   0.988114	    0.9924
0.38	 0.1	 10	 10	    -4.02256	   0.991523	   0.987149	    0.9915
0.4	 0.1	 10	 10	    -3.99615	   0.990695	   0.985112	    0.9902
0.42	 0.1	 10	 10	    -3.96975	   0.989227	   0.984656	    0.9905
0.44	 0.1	 10	 10	    -3.94419	   0.990166	   0.98555	    0.9909
0.46	 0.1	 10	 10	    -3.92672	   0.989436	   0.983812	    0.9882
0.48	 0.1	 10	 10	    -3.91016	   0.987723	   0.981923	    0.9879
0.5	 0.1	 10	 10	    -3.89456	   0.988684	   0.982575	    0.9879
0.52	 0.1	 10	 10	    -3.88123	   0.988499	   0.982689	    0.9887
0.54	 0.1	 10	 10	    -3.86996	   0.986725	   0.979628	    0.9865
0.56	 0.1	 10	 10	    -3.85893	   0.986668	   0.978336	    0.9843
0.58	 0.1	 10	 10	    -3.84592	   0.98578	   0.97858	    0.9858
0.6	 0.1	 10	 10	    -3.83927	   0.985877	   0.978358	    0.9846
0.62	 0.1	 10	 10	    -3.82739	   0.98629	   0.979627	    0.9866
0.64	 0.1	 10	 10	    -3.82416	   0.9859	   0.978399	    0.9846
0.66	 0.1	 10	 10	    -3.81852	   0.985411	   0.977858	    0.9849
0.68	 0.1	 10	 10	    -3.80933	   0.985401	   0.979397	    0.9878
0.7	 0.1	 10	 10	    -3.805	   0.98424	   0.976755	    0.9846
0.72	 0.1	 10	 10	    -3.80318	   0.983944	   0.977469	    0.9856
0.74	 0.1	 10	 10	    -3.79913	   0.98485	   0.977152	    0.9854
0.76	 0.1	 10	 10	    -3.79689	   0.984986	   0.978557	    0.9854
0.78	 0.1	 10	 10	    -3.79541	   0.983646	   0.976147	    0.9838
0.8	 0.1	 10	 10	    -3.79123	   0.983354	   0.975262	    0.9825
0.82	 0.1	 10	 10	    -3.79068	   0.984573	   0.977367	    0.9851
0.84	 0.1	 10	 10	    -3.79001	   0.984262	   0.976382	    0.9844
0.86	 0.1	 10	 10	    -3.77966	   0.985002	   0.979086	    0.9865
0.88	 0.1	 10	 10	    -3.78537	   0.984027	   0.976615	    0.9839
0.9	 0.1	 10	 10	    -3.78571	   0.983117	   0.97585	    0.9831
0.92	 0.1	 10	 10	    -3.78301	   0.982844	   0.975542	    0.9832
0.94	 0.1	 10	 10	    -3.78324	   0.982723	   0.974867	    0.9815
0.96	 0.1	 10	 10	    -3.78167	   0.982653	   0.976009	    0.9823
0.98	 0.1	 10	 10	    -3.78318	   0.982075	   0.974405	    0.9815
1	 0.1	 10	 10	    -3.78274	   0.982694	   0.975816	    0.98262
0.02	 0.1	 10	 10	    -6.86276	   0.999964	   0.999964	    1
0.04	 0.1	 10	 10	    -6.29531	   0.999941	   0.999941	    1
0.06	 0.1	 10	 10	    -5.87834	   0.9999	   0.9999	    1
0.08	 0.1	 10	 10	    -5.55106	   0.999702	   0.9997	    0.9999
0.1	 0.1	 10	 10	    -5.29397	   0.999533	   0.999285	    0.9994
0.12	 0.1	 10	 10	    -5.08202	   0.99894	   0.998417	    0.9989
0.14	 0.1	 10	 10	    -4.90733	   0.998975	   0.99812	    0.9987
0.16	 0.1	 10	 10	    -4.75548	   0.99819	   0.997471	    0.9983
0.18	 0.1	 10	 10	    -4.63209	   0.997867	   0.997111	    0.9984
0.2	 0.1	 10	 10	    -4.52498	   0.997569	   0.995961	    0.9974
0.22	 0.1	 10	 10	    -4.43242	   0.996634	   0.995025	    0.9966
0.24	 0.1	 10	 10	    -4.35437	   0.995767	   0.993795	    0.9957
0.26	 0.1	 10	 10	    -4.28606	   0.994825	   0.992224	    0.9944
0.28	 0.1	 10	 10	    -4.22347	   0.994878	   0.992757	    0.9954
0.3	 0.1	 10	 10	    -4.17455	   0.994351	   0.991441	    0.9944
0.32	 0.1	 10	 10	    -4.13118	   0.992895	   0.990435	    0.9943
0.34	 0.1	 10	 10	    -4.08651	   0.992816	   0.989904	    0.9937
0.36	 0.1	 10	 10	    -4.0542	   0.991879	   0.988222	    0.993
0.38	 0.1	 10	 10	    -4.02434	   0.99155	   0.98639	    0.9901
0.4	 0.1	 10	 10	    -3.99278	   0.989492	   0.985011	    0.9899
0.42	 0.1	 10	 10	    -3.9721	   0.989673	   0.984453	    0.9896
0.44	 0.1	 10	 10	    -3.95079	   0.989961	   0.984004	    0.9889
0.46	 0.1	 10	 10	    -3.92888	   0.989163	   0.982799	    0.9879
0.48	 0.1	 10	 10	    -3.9116	   0.989089	   0.982549	    0.9877
0.5	 0.1	 10	 10	    -3.89383	   0.987711	   0.982648	    0.9894
0.52	 0.1	 10	 10	    -3.88509	   0.987788	   0.981076	    0.9877
0.54	 0.1	 10	 10	    -3.87065	   0.987275	   0.981233	    0.9874
0.56	 0.1	 10	 10	    -3.85795	   0.986252	   0.979602	    0.986
0.58	 0.1	 10	 10	    -3.85562	   0.985623	   0.978367	    0.9857
0.6	 0.1	 10	 10	    -3.84087	   0.986946	   0.98033	    0.9866
0.62	 0.1	 10	 10	    -3.83553	   0.985272	   0.977543	    0.9849
0.64	 0.1	 10	 10	    -3.82382	   0.983895	   0.977123	    0.9846
0.66	 0.1	 10	 10	    -3.81808	   0.98419	   0.977032	    0.985
0.68	 0.1	 10	 10	    -3.81635	   0.984356	   0.976757	    0.9845
0.7	 0.1	 10	 10	    -3.80758	   0.98402	   0.975944	    0.9837
0.72	 0.1	 10	 10	    -3.80345	   0.98493	   0.977319	    0.9839
0.74	 0.1	 10	 10	    -3.80128	   0.984454	   0.977214	    0.9843
0.76	 0.1	 10	 10	    -3.79719	   0.983894	   0.976174	    0.9847
0.78	 0.1	 10	 10	    -3.7923	   0.983735	   0.975665	    0.9825
0.8	 0.1	 10	 10	    -3.79316	   0.983499	   0.975621	    0.9837
0.82	 0.1	 10	 10	    -3.78981	   0.98433	   0.976241	    0.9838
0.84	 0.1	 10	 10	    -3.78454	   0.983475	   0.976892	    0.9846
0.86	 0.1	 10	 10	    -3.7837	   0.984536	   0.97789	    0.9858
0.88	 0.1	 10	 10	    -3.77968	   0.983808	   0.977167	    0.9842
0.9	 0.1	 10	 10	    -3.78331	   0.982681	   0.97523	    0.9821
0.92	 0.1	 10	 10	    -3.78237	   0.983837	   0.976515	    0.9836
0.94	 0.1	 10	 10	    -3.77941	   0.982316	   0.975576	    0.9829
0.96	 0.1	 10	 10	    -3.7756	   0.983459	   0.977297	    0.9832
0.98	 0.1	 10	 10	    -3.78458	   0.98215	   0.974084	    0.98172
1	 0.1	 10	 10	    -3.77826	   0.982008	   0.976844	    0.9841
0.02	 0.1	 10	 10	    -6.86176	   0.999982	   0.999982	    1
0.04	 0.1	 10	 10	    -6.29942	   0.999893	   0.999821	    0.9999
0.06	 0.1	 10	 10	    -5.88315	   0.999897	   0.999581	    0.9996
0.08	 0.1	 10	 10	    -5.5547	   0.999744	   0.999665	    0.9998
0.1	 0.1	 10	 10	    -5.29569	   0.999278	   0.999182	    0.9993
0.12	 0.1	 10	 10	    -5.08224	   0.999255	   0.999004	    0.9996
0.14	 0.1	 10	 10	    -4.90427	   0.999157	   0.999059	    0.9997
0.16	 0.1	 10	 10	    -4.75553	   0.998099	   0.99729	    0.9984
0.18	 0.1	 10	 10	    -4.63083	   0.997624	   0.996103	    0.9974
0.2	 0.1	 10	 10	    -4.52394	   0.997264	   0.995877	    0.9975
0.22	 0.1	 10	 10	    -4.43797	   0.996548	   0.994418	    0.9964
0.24	 0.1	 10	 10	    -4.35726	   0.996304	   0.994075	    0.9956
0.26	 0.1	 10	 10	    -4.28722	   0.995621	   0.993481	    0.9954
0.28	 0.1	 10	 10	    -4.22951	   0.994491	   0.991209	    0.9946
0.3	 0.1	 10	 10	    -4.1749	   0.993734	   0.990676	    0.9936
0.32	 0.1	 10	 10	    -4.12817	   0.992577	   0.98844	    0.9918
0.34	 0.1	 10	 10	    -4.08776	   0.992005	   0.988647	    0.9927
0.36	 0.1	 10	 10	    -4.05717	   0.991482	   0.986782	    0.9908
0.38	 0.1	 10	 10	    -4.02227	   0.991509	   0.987626	    0.992
0.4	 0.1	 10	 10	    -3.99283	   0.99025	   0.986089	    0.9908
0.42	 0.1	 10	 10	    -3.97167	   0.989198	   0.983873	    0.989
0.44	 0.1	 10	 10	    -3.94703	   0.989384	   0.985708	    0.9917
0.46	 0.1	 10	 10	    -3.92823	   0.988818	   0.982761	    0.9884
0.48	 0.1	 10	 10	    -3.91066	   0.988029	   0.982782	    0.9886
0.5	 0.1	 10	 10	    -3.89787	   0.986919	   0.980467	    0.9869
0.52	 0.1	 10	 10	    -3.88122	   0.987604	   0.981516	    0.9876
0.54	 0.1	 10	 10	    -3.86863	   0.987682	   0.982653	    0.9895
0.56	 0.1	 10	 10	    -3.85805	   0.985728	   0.978898	    0.9866
0.58	 0.1	 10	 10	    -3.85271	   0.986288	   0.978459	    0.9851
0.6	 0.1	 10	 10	    -3.83789	   0.985947	   0.979414	    0.9863
0.62	 0.1	 10	 10	    -3.83226	   0.985902	   0.979087	    0.9868
0.64	 0.1	 10	 10	    -3.82386	   0.985038	   0.978033	    0.9861
0.66	 0.1	 10	 10	    -3.81807	   0.984948	   0.978255	    0.9854
0.68	 0.1	 10	 10	    -3.81081	   0.986064	   0.97849	    0.9857
0.7	 0.1	 10	 10	    -3.80876	   0.984121	   0.976692	    0.9851
0.72	 0.1	 10	 10	    -3.80779	   0.983287	   0.975371	    0.9836
0.74	 0.1	 10	 10	    -3.80056	   0.98448	   0.977199	    0.9857
0.76	 0.1	 10	 10	    -3.79701	   0.98341	   0.976083	    0.9841
0.78	 0.1	 10	 10	    -3.78978	   0.984018	   0.976674	    0.9841
0.8	 0.1	 10	 10	    -3.79096	   0.984887	   0.97854	    0.986
0.82	 0.1	 10	 10	    -3.78865	   0.984015	   0.976668	    0.9841
0.84	 0.1	 10	 10	    -3.7859	   0.984886	   0.977791	    0.9839
0.86	 0.1	 10	 10	    -3.7819	   0.984228	   0.976513	    0.9842
0.88	 0.1	 10	 10	    -3.78681	   0.981937	   0.973647	    0.9814
0.9	 0.1	 10	 10	    -3.78485	   0.983943	   0.976469	    0.9825
0.92	 0.1	 10	 10	    -3.78709	   0.982781	   0.974951	    0.9819
0.94	 0.1	 10	 10	    -3.78319	   0.983193	   0.975557	    0.9825
0.96	 0.1	 10	 10	    -3.78218	   0.982268	   0.975307	    0.98234
0.98	 0.1	 10	 10	    -3.78648	   0.982296	   0.973899	    0.98092
1	 0.1	 10	 10	    -3.78197	   0.982025	   0.976069	    0.98404
0.02	 0.1	 10	 10	    -6.861	   0.999996	   0.999996	    1
0.04	 0.1	 10	 10	    -6.29801	   0.999909	   0.999866	    0.9999
0.06	 0.1	 10	 10	    -5.87844	   0.999941	   0.99991	    0.9999
0.08	 0.1	 10	 10	    -5.55224	   0.999818	   0.999817	    0.9999
0.1	 0.1	 10	 10	    -5.29101	   0.999489	   0.999286	    0.9995
0.12	 0.1	 10	 10	    -5.08096	   0.999185	   0.998645	    0.9989
0.14	 0.1	 10	 10	    -4.90331	   0.998867	   0.998414	    0.9989
0.16	 0.1	 10	 10	    -4.75531	   0.998594	   0.997867	    0.9988
0.18	 0.1	 10	 10	    -4.62914	   0.99813	   0.99705	    0.9979
0.2	 0.1	 10	 10	    -4.52357	   0.997294	   0.995763	    0.9974
0.22	 0.1	 10	 10	    -4.43013	   0.99692	   0.995086	    0.9966
0.24	 0.1	 10	 10	    -4.35193	   0.995533	   0.992657	    0.9948
0.26	 0.1	 10	 10	    -4.2874	   0.994961	   0.992865	    0.9955
0.28	 0.1	 10	 10	    -4.22786	   0.994587	   0.992155	    0.9955
0.3	 0.1	 10	 10	    -4.17697	   0.994559	   0.991904	    0.9948
0.32	 0.1	 10	 10	    -4.12733	   0.993532	   0.990746	    0.9936
0.34	 0.1	 10	 10	    -4.08946	   0.992402	   0.989246	    0.993
0.36	 0.1	 10	 10	    -4.05515	   0.991813	   0.98778	    0.9918
0.38	 0.1	 10	 10	    -4.02631	   0.990984	   0.986575	    0.9909
0.4	 0.1	 10	 10	    -3.99317	   0.990984	   0.986629	    0.9912
0.42	 0.1	 10	 10	    -3.97056	   0.990003	   0.985504	    0.9917
0.44	 0.1	 10	 10	    -3.94833	   0.989368	   0.984011	    0.9896
0.46	 0.1	 10	 10	    -3.92875	   0.988374	   0.982891	    0.9886
0.48	 0.1	 10	 10	    -3.91492	   0.98693	   0.980671	    0.9865
0.5	 0.1	 10	 10	    -3.89224	   0.988169	   0.982239	    0.988
0.52	 0.1	 10	 10	    -3.8833	   0.98793	   0.982274	    0.9885
0.54	 0.1	 10	 10	    -3.86983	   0.987543	   0.982086	    0.9887
0.56	 0.1	 10	 10	    -3.85937	   0.986087	   0.978991	    0.9855
0.58	 0.1	 10	 10	    -3.85098	   0.986336	   0.979258	    0.9853
0.6	 0.1	 10	 10	    -3.83878	   0.985396	   0.978412	    0.9857
0.62	 0.1	 10	 10	    -3.83126	   0.985543	   0.978909	    0.9863
0.64	 0.1	 10	 10	    -3.82502	   0.986023	   0.97828	    0.9852
0.66	 0.1	 10	 10	    -3.81758	   0.98582	   0.978786	    0.9859
0.68	 0.1	 10	 10	    -3.81434	   0.985597	   0.977665	    0.9853
0.7	 0.1	 10	 10	    -3.81089	   0.985327	   0.97758	    0.9845
0.72	 0.1	 10	 10	    -3.80585	   0.984628	   0.977691	    0.9862
0.74	 0.1	 10	 10	    -3.7978	   0.9836	   0.977389	    0.9853
0.76	 0.1	 10	 10	    -3.79258	   0.983809	   0.976286	    0.9836
0.78	 0.1	 10	 10	    -3.79473	   0.983344	   0.976558	    0.9836
0.8	 0.1	 10	 10	    -3.79069	   0.983213	   0.97526	    0.9832
0.82	 0.1	 10	 10	    -3.78942	   0.98259	   0.975013	    0.9831
0.84	 0.1	 10	 10	    -3.78727	   0.983461	   0.976743	    0.9843
0.86	 0.1	 10	 10	    -3.78341	   0.983616	   0.976308	    0.9846
0.88	 0.1	 10	 10	    -3.78297	   0.983428	   0.976615	    0.9832
0.9	 0.1	 10	 10	    -3.77944	   0.982592	   0.976405	    0.9839
0.92	 0.1	 10	 10	    -3.78167	   0.984098	   0.977015	    0.9831
0.94	 0.1	 10	 10	    -3.78418	   0.98305	   0.975082	    0.9811
0.96	 0.1	 10	 10	    -3.78063	   0.982592	   0.975838	    0.9823
0.98	 0.1	 10	 10	    -3.77994	   0.98425	   0.978133	    0.9839
1	 0.1	 10	 10	    -3.78159	   0.98258	   0.975806	    0.9838
0.02	 0.1	 10	 10	    -6.86054	   0.999986	   0.999904	    0.9999
0.04	 0.1	 10	 10	    -6.29891	   0.999977	   0.999897	    0.9999
0.06	 0.1	 10	 10	    -5.87853	   0.999862	   0.99981	    0.9998
0.08	 0.1	 10	 10	    -5.5525	   0.999803	   0.999562	    0.9997
0.1	 0.1	 10	 10	    -5.29297	   0.999466	   0.99901	    0.9992
0.12	 0.1	 10	 10	    -5.07859	   0.999035	   0.998784	    0.9991
0.14	 0.1	 10	 10	    -4.90926	   0.998539	   0.997377	    0.998
0.16	 0.1	 10	 10	    -4.75798	   0.998123	   0.997109	    0.9981
0.18	 0.1	 10	 10	    -4.63173	   0.998081	   0.997314	    0.9982
0.2	 0.1	 10	 10	    -4.52622	   0.997107	   0.995549	    0.9969
0.22	 0.1	 10	 10	    -4.43583	   0.996336	   0.994915	    0.9965
0.24	 0.1	 10	 10	    -4.3534	   0.995991	   0.993866	    0.9961
0.26	 0.1	 10	 10	    -4.28402	   0.995302	   0.993286	    0.9964
0.28	 0.1	 10	 10	    -4.22646	   0.994961	   0.992564	    0.9951
0.3	 0.1	 10	 10	    -4.17556	   0.994554	   0.99215	    0.9956
0.32	 0.1	 10	 10	    -4.12962	   0.992804	   0.989134	    0.993
0.34	 0.1	 10	 10	    -4.0904	   0.992567	   0.989171	    0.9934
0.36	 0.1	 10	 10	    -4.05497	   0.992022	   0.987526	    0.9919
0.38	 0.1	 10	 10	    -4.02114	   0.991007	   0.986516	    0.9907
0.4	 0.1	 10	 10	    -3.99586	   0.990516	   0.985648	    0.9908
0.42	 0.1	 10	 10	    -3.9679	   0.989841	   0.984816	    0.99
0.44	 0.1	 10	 10	    -3.94939	   0.988551	   0.983872	    0.9892
0.46	 0.1	 10	 10	    -3.93057	   0.987846	   0.981876	    0.9883
0.48	 0.1	 10	 10	    -3.91273	   0.989216	   0.983211	    0.9891
0.5	 0.1	 10	 10	    -3.89587	   0.986634	   0.980262	    0.9871
0.52	 0.1	 10	 10	    -3.88124	   0.987086	   0.98047	    0.9863
0.54	 0.1	 10	 10	    -3.87087	   0.98704	   0.98064	    0.9871
0.56	 0.1	 10	 10	    -3.8589	   0.986293	   0.979779	    0.9869
0.58	 0.1	 10	 10	    -3.84651	   0.987036	   0.980404	    0.9861
0.6	 0.1	 10	 10	    -3.8415	   0.985338	   0.978846	    0.9863
0.62	 0.1	 10	 10	    -3.83212	   0.986198	   0.979227	    0.9854
0.64	 0.1	 10	 10	    -3.82566	   0.985432	   0.978104	    0.9852
0.66	 0.1	 10	 10	    -3.8201	   0.98571	   0.977537	    0.9838
0.68	 0.1	 10	 10	    -3.81733	   0.984524	   0.976519	    0.9833
0.7	 0.1	 10	 10	    -3.80763	   0.98533	   0.978554	    0.9864
0.72	 0.1	 10	 10	    -3.80338	   0.984935	   0.977161	    0.9852
0.74	 0.1	 10	 10	    -3.80231	   0.983582	   0.976296	    0.9831
0.76	 0.1	 10	 10	    -3.79575	   0.983989	   0.977155	    0.9856
0.78	 0.1	 10	 10	    -3.7943	   0.983782	   0.975828	    0.9831
0.8	 0.1	 10	 10	    -3.79197	   0.983246	   0.975901	    0.9846
0.82	 0.1	 10	 10	    -3.79245	   0.983325	   0.975303	    0.9845
0.84	 0.1	 10	 10	    -3.78602	   0.983642	   0.975967	    0.983
0.86	 0.1	 10	 10	    -3.7859	   0.982342	   0.973945	    0.981
0.88	 0.1	 10	 10	    -3.78289	   0.982655	   0.976869	    0.9843
0.9	 0.1	 10	 10	    -3.78554	   0.982246	   0.974184	    0.9819
0.92	 0.1	 10	 10	    -3.78419	   0.983008	   0.97597	    0.9828
0.94	 0.1	 10	 10	    -3.78381	   0.983104	   0.975499	    0.983
0.96	 0.1	 10	 10	    -3.77922	   0.981945	   0.974428	    0.98182
0.98	 0.1	 10	 10	    -3.78104	   0.983015	   0.976791	    0.984
1	 0.1	 10	 10	    -3.7784	   0.982608	   0.976118	    0.9832
0.02	 0.1	 10	 10	    -6.86215	   0.99997	   0.999927	    0.9999
0.04	 0.1	 10	 10	    -6.29728	   0.999973	   0.999891	    0.9999
0.06	 0.1	 10	 10	    -5.87795	   0.999885	   0.999837	    0.9999
0.08	 0.1	 10	 10	    -5.55584	   0.999762	   0.999468	    0.9997
0.1	 0.1	 10	 10	    -5.29033	   0.999443	   0.999363	    0.9998
0.12	 0.1	 10	 10	    -5.07766	   0.999176	   0.998867	    0.9992
0.14	 0.1	 10	 10	    -4.90594	   0.998609	   0.997831	    0.9984
0.16	 0.1	 10	 10	    -4.75663	   0.998628	   0.9979	    0.9987
0.18	 0.1	 10	 10	    -4.63224	   0.997852	   0.996538	    0.9978
0.2	 0.1	 10	 10	    -4.52879	   0.99697	   0.995271	    0.9971
0.22	 0.1	 10	 10	    -4.4329	   0.996959	   0.995394	    0.9972
0.24	 0.1	 10	 10	    -4.35607	   0.995481	   0.993388	    0.9962
0.26	 0.1	 10	 10	    -4.28611	   0.995221	   0.99258	    0.9947
0.28	 0.1	 10	 10	    -4.22982	   0.994339	   0.991437	    0.9943
0.3	 0.1	 10	 10	    -4.17686	   0.993251	   0.990102	    0.9928
0.32	 0.1	 10	 10	    -4.12968	   0.993355	   0.989504	    0.993
0.34	 0.1	 10	 10	    -4.09166	   0.991769	   0.987207	    0.9903
0.36	 0.1	 10	 10	    -4.05426	   0.991726	   0.988394	    0.9925
0.38	 0.1	 10	 10	    -4.02532	   0.990014	   0.985239	    0.9902
0.4	 0.1	 10	 10	    -3.99635	   0.990188	   0.985382	    0.9903
0.42	 0.1	 10	 10	    -3.97042	   0.989789	   0.985717	    0.9913
0.44	 0.1	 10	 10	    -3.94884	   0.988245	   0.982779	    0.9886
0.46	 0.1	 10	 10	    -3.93293	   0.98821	   0.982379	    0.988
0.48	 0.1	 10	 10	    -3.91397	   0.987451	   0.980675	    0.9855
0.5	 0.1	 10	 10	    -3.9013	   0.987728	   0.981282	    0.9871
0.52	 0.1	 10	 10	    -3.88453	   0.987769	   0.98167	    0.9873
0.54	 0.1	 10	 10	    -3.86986	   0.986699	   0.980138	    0.9867
0.56	 0.1	 10	 10	    -3.85497	   0.986075	   0.979766	    0.9865
0.58	 0.1	 10	 10	    -3.85135	   0.985951	   0.977979	    0.9845
0.6	 0.1	 10	 10	    -3.84099	   0.986244	   0.978676	    0.9843
0.62	 0.1	 10	 10	    -3.83546	   0.985227	   0.977968	    0.9851
0.64	 0.1	 10	 10	    -3.82309	   0.985315	   0.978343	    0.9865
0.66	 0.1	 10	 10	    -3.81861	   0.985735	   0.979425	    0.9864
0.68	 0.1	 10	 10	    -3.81951	   0.984661	   0.975684	    0.9828
0.7	 0.1	 10	 10	    -3.80666	   0.984729	   0.977938	    0.9858
0.72	 0.1	 10	 10	    -3.80409	   0.984738	   0.977344	    0.9839
0.74	 0.1	 10	 10	    -3.8011	   0.984655	   0.977036	    0.9846
0.76	 0.1	 10	 10	    -3.79954	   0.983381	   0.975945	    0.9842
0.78	 0.1	 10	 10	    -3.79153	   0.982681	   0.975247	    0.9822
0.8	 0.1	 10	 10	    -3.79273	   0.983919	   0.976543	    0.984
0.82	 0.1	 10	 10	    -3.79196	   0.983716	   0.976381	    0.9844
0.84	 0.1	 10	 10	    -3.78713	   0.983179	   0.975883	    0.9832
0.86	 0.1	 10	 10	    -3.7852	   0.983655	   0.975902	    0.9834
0.88	 0.1	 10	 10	    -3.78764	   0.98337	   0.975776	    0.9823
0.9	 0.1	 10	 10	    -3.78601	   0.982129	   0.97534	    0.9836
0.92	 0.1	 10	 10	    -3.78649	   0.982731	   0.974843	    0.9816
0.94	 0.1	 10	 10	    -3.77637	   0.982408	   0.976354	    0.9848
0.96	 0.1	 10	 10	    -3.78169	   0.983742	   0.977319	    0.9841
0.98	 0.1	 10	 10	    -3.78429	   0.983622	   0.975673	    0.9815
1	 0.1	 10	 10	    -3.77991	   0.982103	   0.975615	    0.9828
0.02	 0.1	 10	 10	    -6.86405	   0.999999	   0.999999	    1
0.04	 0.1	 10	 10	    -6.29982	   0.999914	   0.999914	    1
0.06	 0.1	 10	 10	    -5.87858	   0.99974	   0.999706	    0.9998
0.08	 0.1	 10	 10	    -5.55592	   0.999825	   0.999707	    0.9998
0.1	 0.1	 10	 10	    -5.29485	   0.999663	   0.999283	    0.9995
0.12	 0.1	 10	 10	    -5.07992	   0.999436	   0.999203	    0.9997
0.14	 0.1	 10	 10	    -4.90588	   0.998679	   0.998112	    0.9988
0.16	 0.1	 10	 10	    -4.75765	   0.998574	   0.997889	    0.9985
0.18	 0.1	 10	 10	    -4.6314	   0.998237	   0.997311	    0.9985
0.2	 0.1	 10	 10	    -4.52597	   0.997477	   0.996154	    0.9975
0.22	 0.1	 10	 10	    -4.43413	   0.996671	   0.995085	    0.9967
0.24	 0.1	 10	 10	    -4.35566	   0.996204	   0.994339	    0.9961
0.26	 0.1	 10	 10	    -4.28427	   0.995507	   0.993102	    0.9949
0.28	 0.1	 10	 10	    -4.22865	   0.994118	   0.991211	    0.9936
0.3	 0.1	 10	 10	    -4.17394	   0.993825	   0.990418	    0.9935
0.32	 0.1	 10	 10	    -4.13069	   0.992827	   0.989069	    0.9925
0.34	 0.1	 10	 10	    -4.08767	   0.992584	   0.988885	    0.9926
0.36	 0.1	 10	 10	    -4.0528	   0.99245	   0.989229	    0.9934
0.38	 0.1	 10	 10	    -4.027	   0.990383	   0.985584	    0.9911
0.4	 0.1	 10	 10	    -3.99409	   0.990517	   0.985635	    0.9904
0.42	 0.1	 10	 10	    -3.97167	   0.989486	   0.98392	    0.9891
0.44	 0.1	 10	 10	    -3.94988	   0.990444	   0.985665	    0.9912
0.46	 0.1	 10	 10	    -3.92947	   0.988116	   0.982452	    0.9887
0.48	 0.1	 10	 10	    -3.90974	   0.988355	   0.983775	    0.9903
0.5	 0.1	 10	 10	    -3.8945	   0.988465	   0.982138	    0.9884
0.52	 0.1	 10	 10	    -3.8846	   0.987776	   0.98148	    0.9869
0.54	 0.1	 10	 10	    -3.87	   0.986562	   0.979973	    0.9863
0.56	 0.1	 10	 10	    -3.85904	   0.986715	   0.980918	    0.9883
0.58	 0.1	 10	 10	    -3.84719	   0.986315	   0.979329	    0.9858
0.6	 0.1	 10	 10	    -3.84301	   0.985116	   0.977421	    0.985
0.62	 0.1	 10	 10	    -3.83266	   0.985983	   0.978989	    0.9864
0.64	 0.1	 10	 10	    -3.82883	   0.985358	   0.977812	    0.9847
0.66	 0.1	 10	 10	    -3.81971	   0.98529	   0.976559	    0.9838
0.68	 0.1	 10	 10	    -3.81234	   0.98467	   0.978234	    0.9872
0.7	 0.1	 10	 10	    -3.80868	   0.984575	   0.977944	    0.9856
0.72	 0.1	 10	 10	    -3.80366	   0.985363	   0.978257	    0.9852
0.74	 0.1	 10	 10	    -3.80378	   0.98371	   0.976379	    0.9845
0.76	 0.1	 10	 10	    -3.79667	   0.984633	   0.976498	    0.9843
0.78	 0.1	 10	 10	    -3.79518	   0.982919	   0.974624	    0.982
0.8	 0.1	 10	 10	    -3.7895	   0.98408	   0.975995	    0.9838
0.82	 0.1	 10	 10	    -3.7909	   0.984536	   0.97688	    0.9843
0.84	 0.1	 10	 10	    -3.78785	   0.983485	   0.974884	    0.9821
0.86	 0.1	 10	 10	    -3.78848	   0.982503	   0.974746	    0.9826
0.88	 0.1	 10	 10	    -3.78464	   0.982859	   0.975463	    0.9841
0.9	 0.1	 10	 10	    -3.78216	   0.983305	   0.976092	    0.9833
0.92	 0.1	 10	 10	    -3.78392	   0.983133	   0.974992	    0.9816
0.94	 0.1	 10	 10	    -3.77901	   0.98325	   0.975873	    0.983
0.96	 0.1	 10	 10	    -3.78407	   0.982965	   0.975106	    0.98282
0.98	 0.1	 10	 10	    -3.77934	   0.983368	   0.976759	    0.9839
1	 0.1	 10	 10	    -3.78104	   0.984161	   0.977638	    0.9848
0.02	 0.1	 10	 10	    -6.86103	   0.999989	   0.999989	    1
0.04	 0.1	 10	 10	    -6.29831	   0.999932	   0.999932	    1
0.06	 0.1	 10	 10	    -5.88254	   0.999853	   0.999616	    0.9997
0.08	 0.1	 10	 10	    -5.55253	   0.999533	   0.999487	    0.9995
0.1	 0.1	 10	 10	    -5.29292	   0.999113	   0.99897	    0.9992
0.12	 0.1	 10	 10	    -5.08139	   0.999152	   0.998973	    0.9995
0.14	 0.1	 10	 10	    -4.90504	   0.998705	   0.998085	    0.9987
0.16	 0.1	 10	 10	    -4.75629	   0.998321	   0.99746	    0.9984
0.18	 0.1	 10	 10	    -4.63403	   0.997826	   0.996901	    0.9982
0.2	 0.1	 10	 10	    -4.52545	   0.997555	   0.996416	    0.9973
0.22	 0.1	 10	 10	    -4.43748	   0.996793	   0.995455	    0.9973
0.24	 0.1	 10	 10	    -4.35649	   0.995765	   0.993544	    0.9958
0.26	 0.1	 10	 10	    -4.28861	   0.994165	   0.992026	    0.9949
0.28	 0.1	 10	 10	    -4.22484	   0.993703	   0.991172	    0.9945
0.3	 0.1	 10	 10	    -4.17492	   0.993889	   0.990808	    0.9944
0.32	 0.1	 10	 10	    -4.12762	   0.993584	   0.98992	    0.9936
0.34	 0.1	 10	 10	    -4.08874	   0.992859	   0.988318	    0.9915
0.36	 0.1	 10	 10	    -4.05592	   0.991516	   0.987657	    0.9917
0.38	 0.1	 10	 10	    -4.02565	   0.991051	   0.986613	    0.9911
0.4	 0.1	 10	 10	    -3.99351	   0.990774	   0.986511	    0.9911
0.42	 0.1	 10	 10	    -3.97292	   0.989368	   0.984384	    0.9898
0.44	 0.1	 10	 10	    -3.9475	   0.989034	   0.9835	    0.9898
0.46	 0.1	 10	 10	    -3.93209	   0.989102	   0.983851	    0.9885
0.48	 0.1	 10	 10	    -3.91625	   0.987899	   0.980423	    0.9857
0.5	 0.1	 10	 10	    -3.89315	   0.988773	   0.982914	    0.9881
0.52	 0.1	 10	 10	    -3.88232	   0.987841	   0.981869	    0.9885
0.54	 0.1	 10	 10	    -3.87155	   0.986789	   0.979507	    0.9853
0.56	 0.1	 10	 10	    -3.85754	   0.986544	   0.980337	    0.9869
0.58	 0.1	 10	 10	    -3.84875	   0.985191	   0.978295	    0.9856
0.6	 0.1	 10	 10	    -3.84307	   0.985766	   0.979366	    0.9872
0.62	 0.1	 10	 10	    -3.83457	   0.985927	   0.978957	    0.9864
0.64	 0.1	 10	 10	    -3.82491	   0.98659	   0.979686	    0.9862
0.66	 0.1	 10	 10	    -3.82006	   0.986145	   0.978041	    0.9846
0.68	 0.1	 10	 10	    -3.81458	   0.985504	   0.977815	    0.9845
0.7	 0.1	 10	 10	    -3.80894	   0.984692	   0.977375	    0.985
0.72	 0.1	 10	 10	    -3.80523	   0.98329	   0.975368	    0.984
0.74	 0.1	 10	 10	    -3.79947	   0.984639	   0.977632	    0.9856
0.76	 0.1	 10	 10	    -3.79243	   0.984696	   0.978489	    0.9864
0.78	 0.1	 10	 10	    -3.79197	   0.983858	   0.977069	    0.985
0.8	 0.1	 10	 10	    -3.79296	   0.98345	   0.975872	    0.9825
0.82	 0.1	 10	 10	    -3.78806	   0.983344	   0.976173	    0.9825
0.84	 0.1	 10	 10	    -3.78942	   0.982284	   0.974696	    0.982
0.86	 0.1	 10	 10	    -3.78251	   0.984444	   0.978453	    0.9858
0.88	 0.1	 10	 10	    -3.78708	   0.982565	   0.975136	    0.9831
0.9	 0.1	 10	 10	    -3.78297	   0.98307	   0.976491	    0.9844
0.92	 0.1	 10	 10	    -3.7817	   0.983123	   0.974988	    0.9819
0.94	 0.1	 10	 10	    -3.78082	   0.982997	   0.975898	    0.9833
0.96	 0.1	 10	 10	    -3.77906	   0.982468	   0.975455	    0.9822
0.98	 0.1	 10	 10	    -3.78362	   0.98415	   0.976505	    0.9833
1	 0.1	 10	 10	    -3.7813	   0.983495	   0.977027	    0.98382
0.02	 0.1	 10	 10	    -6.86227	   0.999999	   0.999999	    1
0.04	 0.1	 10	 10	    -6.298	   0.999988	   0.999988	    1
0.06	 0.1	 10	 10	    -5.87769	   0.999861	   0.999789	    0.9998
0.08	 0.1	 10	 10	    -5.55404	   0.999633	   0.999401	    0.9995
0.1	 0.1	 10	 10	    -5.29185	   0.999521	   0.999265	    0.9994
0.12	 0.1	 10	 10	    -5.08044	   0.999195	   0.998924	    0.9993
0.14	 0.1	 10	 10	    -4.90353	   0.998963	   0.99829	    0.9988
0.16	 0.1	 10	 10	    -4.75575	   0.998359	   0.997866	    0.9988
0.18	 0.1	 10	 10	    -4.63349	   0.998065	   0.996608	    0.9971
0.2	 0.1	 10	 10	    -4.527	   0.997738	   0.996158	    0.9971
0.22	 0.1	 10	 10	    -4.43466	   0.996744	   0.995116	    0.9969
0.24	 0.1	 10	 10	    -4.35518	   0.995913	   0.993817	    0.996
0.26	 0.1	 10	 10	    -4.28825	   0.995419	   0.992982	    0.9954
0.28	 0.1	 10	 10	    -4.22762	   0.99423	   0.991015	    0.994
0.3	 0.1	 10	 10	    -4.17785	   0.994042	   0.991091	    0.9943
0.32	 0.1	 10	 10	    -4.13143	   0.99396	   0.990683	    0.994
0.34	 0.1	 10	 10	    -4.0911	   0.992802	   0.98923	    0.9932
0.36	 0.1	 10	 10	    -4.05793	   0.991083	   0.985947	    0.9907
0.38	 0.1	 10	 10	    -4.02403	   0.991252	   0.987663	    0.9926
0.4	 0.1	 10	 10	    -3.9986	   0.990404	   0.985495	    0.9901
0.42	 0.1	 10	 10	    -3.97166	   0.990045	   0.984811	    0.9899
0.44	 0.1	 10	 10	    -3.94452	   0.989609	   0.984649	    0.9906
0.46	 0.1	 10	 10	    -3.9302	   0.988582	   0.98221	    0.9874
0.48	 0.1	 10	 10	    -3.91054	   0.988935	   0.984027	    0.99
0.5	 0.1	 10	 10	    -3.89502	   0.989148	   0.983569	    0.9904
0.52	 0.1	 10	 10	    -3.88587	   0.987589	   0.982245	    0.9882
0.54	 0.1	 10	 10	    -3.87344	   0.986722	   0.979561	    0.9853
0.56	 0.1	 10	 10	    -3.85914	   0.987145	   0.979716	    0.9864
0.58	 0.1	 10	 10	    -3.84746	   0.984779	   0.978294	    0.9852
0.6	 0.1	 10	 10	    -3.83877	   0.986106	   0.980036	    0.9875
0.62	 0.1	 10	 10	    -3.83303	   0.985939	   0.979186	    0.9867
0.64	 0.1	 10	 10	    -3.8269	   0.984926	   0.978483	    0.986
0.66	 0.1	 10	 10	    -3.821	   0.983982	   0.975414	    0.9827
0.68	 0.1	 10	 10	    -3.80982	   0.985904	   0.979962	    0.988
0.7	 0.1	 10	 10	    -3.81312	   0.984536	   0.976808	    0.9845
0.72	 0.1	 10	 10	    -3.79974	   0.984991	   0.978049	    0.9854
0.74	 0.1	 10	 10	    -3.79998	   0.984578	   0.976952	    0.9834
0.76	 0.1	 10	 10	    -3.8002	   0.983188	   0.976121	    0.9846
0.78	 0.1	 10	 10	    -3.79395	   0.983417	   0.976155	    0.9836
0.8	 0.1	 10	 10	    -3.787	   0.983487	   0.977023	    0.9844
0.82	 0.1	 10	 10	    -3.79395	   0.982733	   0.974831	    0.9826
0.84	 0.1	 10	 10	    -3.78541	   0.983797	   0.976431	    0.9835
0.86	 0.1	 10	 10	    -3.7863	   0.983133	   0.977355	    0.9858
0.88	 0.1	 10	 10	    -3.78721	   0.98314	   0.975724	    0.9828
0.9	 0.1	 10	 10	    -3.78381	   0.98402	   0.97691	    0.9842
0.92	 0.1	 10	 10	    -3.78729	   0.983475	   0.97508	    0.9826
0.94	 0.1	 10	 10	    -3.77906	   0.983256	   0.976703	    0.984
0.96	 0.1	 10	 10	    -3.78524	   0.982764	   0.974689	    0.9821
0.98	 0.1	 10	 10	    -3.78086	   0.982351	   0.975081	    0.9829
1	 0.1	 10	 10	    -3.78089	   0.983209	   0.977259	    0.9849
0.02	 0.1	 10	 10	    -6.86266	   0.999999	   0.999999	    1
0.04	 0.1	 10	 10	    -6.29776	   0.999911	   0.999911	    1
0.06	 0.1	 10	 10	    -5.881	   0.999945	   0.999945	    1
0.08	 0.1	 10	 10	    -5.55266	   0.999702	   0.999604	    0.9998
0.1	 0.1	 10	 10	    -5.29563	   0.999521	   0.999267	    0.9996
0.12	 0.1	 10	 10	    -5.0839	   0.999425	   0.999275	    0.9996
0.14	 0.1	 10	 10	    -4.90443	   0.998602	   0.998094	    0.9988
0.16	 0.1	 10	 10	    -4.75726	   0.998454	   0.997451	    0.9983
0.18	 0.1	 10	 10	    -4.62958	   0.997468	   0.996335	    0.9974
0.2	 0.1	 10	 10	    -4.53003	   0.997214	   0.995594	    0.9967
0.22	 0.1	 10	 10	    -4.43636	   0.996202	   0.994261	    0.9963
0.24	 0.1	 10	 10	    -4.35426	   0.995809	   0.993385	    0.9951
0.26	 0.1	 10	 10	    -4.28814	   0.995108	   0.992671	    0.9953
0.28	 0.1	 10	 10	    -4.22591	   0.994708	   0.992363	    0.9954
0.3	 0.1	 10	 10	    -4.17425	   0.993872	   0.991569	    0.9945
0.32	 0.1	 10	 10	    -4.12784	   0.992662	   0.989583	    0.9932
0.34	 0.1	 10	 10	    -4.08932	   0.991691	   0.987692	    0.992
0.36	 0.1	 10	 10	    -4.05448	   0.991373	   0.987085	    0.9916
0.38	 0.1	 10	 10	    -4.02487	   0.991174	   0.98632	    0.9909
0.4	 0.1	 10	 10	    -3.99539	   0.989392	   0.984841	    0.9903
0.42	 0.1	 10	 10	    -3.96854	   0.990338	   0.985315	    0.9903
0.44	 0.1	 10	 10	    -3.94425	   0.98917	   0.984579	    0.9903
0.46	 0.1	 10	 10	    -3.93252	   0.988083	   0.982223	    0.9882
0.48	 0.1	 10	 10	    -3.91388	   0.988807	   0.98308	    0.9892
0.5	 0.1	 10	 10	    -3.89862	   0.987436	   0.980797	    0.9866
0.52	 0.1	 10	 10	    -3.8813	   0.986569	   0.980316	    0.9869
0.54	 0.1	 10	 10	    -3.87555	   0.986082	   0.978858	    0.9852
0.56	 0.1	 10	 10	    -3.86141	   0.98604	   0.978199	    0.9845
0.58	 0.1	 10	 10	    -3.84844	   0.986951	   0.979912	    0.9869
0.6	 0.1	 10	 10	    -3.84566	   0.985356	   0.97756	    0.9849
0.62	 0.1	 10	 10	    -3.82886	   0.986522	   0.98069	    0.988
0.64	 0.1	 10	 10	    -3.8255	   0.985501	   0.978633	    0.986
0.66	 0.1	 10	 10	    -3.81536	   0.985281	   0.979188	    0.9869
0.68	 0.1	 10	 10	    -3.81368	   0.984893	   0.977934	    0.9861
0.7	 0.1	 10	 10	    -3.80615	   0.98503	   0.977922	    0.9855
0.72	 0.1	 10	 10	    -3.80297	   0.984875	   0.977785	    0.9854
0.74	 0.1	 10	 10	    -3.79602	   0.985051	   0.978545	    0.9858
0.76	 0.1	 10	 10	    -3.79357	   0.984712	   0.977171	    0.9851
0.78	 0.1	 10	 10	    -3.79357	   0.984242	   0.9764	    0.9835
0.8	 0.1	 10	 10	    -3.79036	   0.984559	   0.977244	    0.9843
0.82	 0.1	 10	 10	    -3.79055	   0.983008	   0.975568	    0.9838
0.84	 0.1	 10	 10	    -3.78593	   0.983803	   0.976215	    0.9837
0.86	 0.1	 10	 10	    -3.78378	   0.983556	   0.977026	    0.9848
0.88	 0.1	 10	 10	    -3.78966	   0.982555	   0.974327	    0.9809
0.9	 0.1	 10	 10	    -3.7861	   0.983382	   0.976309	    0.9833
0.92	 0.1	 10	 10	    -3.78285	   0.984582	   0.977295	    0.9851
0.94	 0.1	 10	 10	    -3.78646	   0.981748	   0.974069	    0.9806
0.96	 0.1	 10	 10	    -3.78273	   0.982765	   0.97533	    0.9826
0.98	 0.1	 10	 10	    -3.7802	   0.984003	   0.977749	    0.98452
1	 0.1	 10	 10	    -3.77788	   0.982999	   0.975702	    0.9833
