0.02	 0.1	 4	 4	    0.771946	   0.989881	   0.98463	    0.98898
0.04	 0.1	 4	 4	    0.993554	   0.982352	   0.971741	    0.9796
0.06	 0.1	 4	 4	    1.15177	   0.973736	   0.962372	    0.9748
0.08	 0.1	 4	 4	    1.26783	   0.96457	   0.949211	    0.96572
0.1	 0.1	 4	 4	    1.35589	   0.953741	   0.933317	    0.95398
0.12	 0.1	 4	 4	    1.42752	   0.94488	   0.919348	    0.94436
0.14	 0.1	 4	 4	    1.48091	   0.930826	   0.899665	    0.93266
0.16	 0.1	 4	 4	    1.51796	   0.917512	   0.879915	    0.91604
0.18	 0.1	 4	 4	    1.56115	   0.90745	   0.867311	    0.907
0.2	 0.1	 4	 4	    1.58456	   0.898551	   0.852359	    0.89762
0.22	 0.1	 4	 4	    1.6078	   0.891126	   0.84491	    0.89266
0.24	 0.1	 4	 4	    1.63319	   0.880957	   0.826566	    0.87722
0.26	 0.1	 4	 4	    1.64849	   0.871933	   0.816092	    0.87262
0.28	 0.1	 4	 4	    1.66116	   0.865051	   0.805067	    0.85886
0.3	 0.1	 4	 4	    1.68445	   0.855993	   0.797121	    0.85884
0.32	 0.1	 4	 4	    1.68511	   0.847526	   0.781477	    0.84136
0.34	 0.1	 4	 4	    1.69724	   0.842382	   0.776452	    0.84016
0.36	 0.1	 4	 4	    1.70413	   0.835054	   0.772236	    0.84178
0.38	 0.1	 4	 4	    1.7103	   0.834874	   0.762741	    0.83002
0.4	 0.1	 4	 4	    1.71515	   0.828926	   0.757641	    0.82612
0.42	 0.1	 4	 4	    1.72176	   0.819264	   0.745608	    0.81506
0.44	 0.1	 4	 4	    1.72282	   0.821518	   0.746699	    0.81808
0.46	 0.1	 4	 4	    1.72018	   0.816146	   0.741236	    0.8139
0.48	 0.1	 4	 4	    1.72972	   0.810731	   0.735884	    0.80884
0.5	 0.1	 4	 4	    1.73646	   0.810773	   0.737276	    0.81488
0.52	 0.1	 4	 4	    1.73503	   0.807704	   0.733028	    0.8098
0.54	 0.1	 4	 4	    1.73524	   0.80393	   0.724955	    0.7981
0.56	 0.1	 4	 4	    1.7394	   0.802506	   0.723995	    0.80364
0.58	 0.1	 4	 4	    1.74189	   0.801827	   0.722258	    0.79876
0.6	 0.1	 4	 4	    1.74504	   0.801258	   0.720895	    0.79832
0.62	 0.1	 4	 4	    1.74438	   0.798627	   0.72268	    0.80562
0.64	 0.1	 4	 4	    1.74903	   0.792974	   0.71495	    0.79768
0.66	 0.1	 4	 4	    1.74691	   0.791422	   0.70964	    0.7893
0.68	 0.1	 4	 4	    1.74415	   0.794603	   0.713575	    0.79028
0.7	 0.1	 4	 4	    1.75183	   0.795102	   0.715936	    0.79646
0.72	 0.1	 4	 4	    1.75478	   0.790482	   0.714997	    0.79672
0.74	 0.1	 4	 4	    1.75327	   0.78837	   0.709875	    0.79046
0.76	 0.1	 4	 4	    1.74823	   0.790218	   0.70875	    0.7867
0.78	 0.1	 4	 4	    1.7532	   0.788026	   0.70908	    0.78898
0.8	 0.1	 4	 4	    1.75417	   0.78593	   0.704755	    0.78426
0.82	 0.1	 4	 4	    1.75546	   0.786	   0.709674	    0.78774
0.84	 0.1	 4	 4	    1.75231	   0.789375	   0.705734	    0.78484
0.86	 0.1	 4	 4	    1.75208	   0.784294	   0.704045	    0.78928
0.88	 0.1	 4	 4	    1.75728	   0.782994	   0.701237	    0.78232
0.9	 0.1	 4	 4	    1.75594	   0.784628	   0.703381	    0.78736
0.92	 0.1	 4	 4	    1.75555	   0.786483	   0.706313	    0.7885
0.94	 0.1	 4	 4	    1.7543	   0.781911	   0.700355	    0.78002
0.96	 0.1	 4	 4	    1.76241	   0.781204	   0.701616	    0.78582
0.98	 0.1	 4	 4	    1.75898	   0.783197	   0.706355	    0.7885
1	 0.1	 4	 4	    1.75433	   0.786081	   0.707821	    0.79128
0.02	 0.1	 4	 4	    0.772925	   0.990899	   0.986502	    0.99112
0.04	 0.1	 4	 4	    0.985254	   0.983744	   0.976088	    0.98356
0.06	 0.1	 4	 4	    1.14884	   0.971421	   0.960577	    0.97466
0.08	 0.1	 4	 4	    1.26308	   0.964755	   0.948569	    0.9651
0.1	 0.1	 4	 4	    1.351	   0.953804	   0.933997	    0.95542
0.12	 0.1	 4	 4	    1.42003	   0.942104	   0.917144	    0.94312
0.14	 0.1	 4	 4	    1.47707	   0.930059	   0.897016	    0.92728
0.16	 0.1	 4	 4	    1.51769	   0.91886	   0.880204	    0.91264
0.18	 0.1	 4	 4	    1.56061	   0.910439	   0.871367	    0.91162
0.2	 0.1	 4	 4	    1.5854	   0.898681	   0.854874	    0.90074
0.22	 0.1	 4	 4	    1.61803	   0.887706	   0.837935	    0.88576
0.24	 0.1	 4	 4	    1.63815	   0.880699	   0.831361	    0.88344
0.26	 0.1	 4	 4	    1.64772	   0.870184	   0.815333	    0.86858
0.28	 0.1	 4	 4	    1.66338	   0.861228	   0.804802	    0.86476
0.3	 0.1	 4	 4	    1.67933	   0.856914	   0.79603	    0.85774
0.32	 0.1	 4	 4	    1.68679	   0.849112	   0.787217	    0.853
0.34	 0.1	 4	 4	    1.69659	   0.842418	   0.777064	    0.8385
0.36	 0.1	 4	 4	    1.70165	   0.838485	   0.77284	    0.8375
0.38	 0.1	 4	 4	    1.71067	   0.830162	   0.761141	    0.82956
0.4	 0.1	 4	 4	    1.71934	   0.825591	   0.75614	    0.82654
0.42	 0.1	 4	 4	    1.72327	   0.823594	   0.752353	    0.82342
0.44	 0.1	 4	 4	    1.72527	   0.818733	   0.747382	    0.82088
0.46	 0.1	 4	 4	    1.73017	   0.815241	   0.744476	    0.82414
0.48	 0.1	 4	 4	    1.73192	   0.816417	   0.742543	    0.82234
0.5	 0.1	 4	 4	    1.7349	   0.809689	   0.734314	    0.81118
0.52	 0.1	 4	 4	    1.73616	   0.806942	   0.730589	    0.8082
0.54	 0.1	 4	 4	    1.73201	   0.805244	   0.729761	    0.80714
0.56	 0.1	 4	 4	    1.74005	   0.803096	   0.72755	    0.80548
0.58	 0.1	 4	 4	    1.74335	   0.798153	   0.720754	    0.7971
0.6	 0.1	 4	 4	    1.73726	   0.801244	   0.719714	    0.79514
0.62	 0.1	 4	 4	    1.74412	   0.798557	   0.718782	    0.79728
0.64	 0.1	 4	 4	    1.74091	   0.796142	   0.713684	    0.7893
0.66	 0.1	 4	 4	    1.74981	   0.795123	   0.715805	    0.79716
0.68	 0.1	 4	 4	    1.75591	   0.789563	   0.710225	    0.79134
0.7	 0.1	 4	 4	    1.75069	   0.791827	   0.716396	    0.80108
0.72	 0.1	 4	 4	    1.7533	   0.78708	   0.709448	    0.7948
0.74	 0.1	 4	 4	    1.74936	   0.790528	   0.710328	    0.7886
0.76	 0.1	 4	 4	    1.75677	   0.785867	   0.706856	    0.78988
0.78	 0.1	 4	 4	    1.74385	   0.792252	   0.708486	    0.78538
0.8	 0.1	 4	 4	    1.75484	   0.784392	   0.705065	    0.78744
0.82	 0.1	 4	 4	    1.75424	   0.788089	   0.709581	    0.7906
0.84	 0.1	 4	 4	    1.7513	   0.784767	   0.703124	    0.7847
0.86	 0.1	 4	 4	    1.75546	   0.786074	   0.707116	    0.79034
0.88	 0.1	 4	 4	    1.75767	   0.784815	   0.704825	    0.78556
0.9	 0.1	 4	 4	    1.75584	   0.786434	   0.70296	    0.779
0.92	 0.1	 4	 4	    1.75963	   0.781846	   0.703293	    0.78612
0.94	 0.1	 4	 4	    1.75367	   0.782238	   0.70316	    0.78598
0.96	 0.1	 4	 4	    1.75288	   0.786993	   0.706559	    0.78596
0.98	 0.1	 4	 4	    1.75431	   0.787005	   0.703803	    0.78162
1	 0.1	 4	 4	    1.75993	   0.781651	   0.706356	    0.78872
0.02	 0.1	 4	 4	    0.771377	   0.988957	   0.984134	    0.9894
0.04	 0.1	 4	 4	    0.991415	   0.983404	   0.975335	    0.98316
0.06	 0.1	 4	 4	    1.1475	   0.975557	   0.963201	    0.97442
0.08	 0.1	 4	 4	    1.27156	   0.964882	   0.950735	    0.96672
0.1	 0.1	 4	 4	    1.35078	   0.952577	   0.931649	    0.95288
0.12	 0.1	 4	 4	    1.41932	   0.939458	   0.911126	    0.9366
0.14	 0.1	 4	 4	    1.47846	   0.931259	   0.898744	    0.9291
0.16	 0.1	 4	 4	    1.52716	   0.918494	   0.882698	    0.91908
0.18	 0.1	 4	 4	    1.56258	   0.908846	   0.870431	    0.9093
0.2	 0.1	 4	 4	    1.59102	   0.896914	   0.852729	    0.89636
0.22	 0.1	 4	 4	    1.61493	   0.889206	   0.841377	    0.89008
0.24	 0.1	 4	 4	    1.63166	   0.881331	   0.831387	    0.88184
0.26	 0.1	 4	 4	    1.65131	   0.867236	   0.812967	    0.87102
0.28	 0.1	 4	 4	    1.67178	   0.86096	   0.805682	    0.86626
0.3	 0.1	 4	 4	    1.6768	   0.857478	   0.795234	    0.85514
0.32	 0.1	 4	 4	    1.68891	   0.846855	   0.786153	    0.85146
0.34	 0.1	 4	 4	    1.69794	   0.842847	   0.776667	    0.83898
0.36	 0.1	 4	 4	    1.70533	   0.833835	   0.769073	    0.83946
0.38	 0.1	 4	 4	    1.71093	   0.832823	   0.763997	    0.82824
0.4	 0.1	 4	 4	    1.71489	   0.826623	   0.756423	    0.82638
0.42	 0.1	 4	 4	    1.72459	   0.826247	   0.75612	    0.8308
0.44	 0.1	 4	 4	    1.73062	   0.812904	   0.739838	    0.81528
0.46	 0.1	 4	 4	    1.72085	   0.816351	   0.744593	    0.81988
0.48	 0.1	 4	 4	    1.7294	   0.812993	   0.741355	    0.81818
0.5	 0.1	 4	 4	    1.74279	   0.806406	   0.731949	    0.80872
0.52	 0.1	 4	 4	    1.73629	   0.805871	   0.729914	    0.80918
0.54	 0.1	 4	 4	    1.74287	   0.804751	   0.729577	    0.80806
0.56	 0.1	 4	 4	    1.74555	   0.802601	   0.725749	    0.80472
0.58	 0.1	 4	 4	    1.74489	   0.800307	   0.722599	    0.80384
0.6	 0.1	 4	 4	    1.74631	   0.79783	   0.71616	    0.79118
0.62	 0.1	 4	 4	    1.74479	   0.795064	   0.719538	    0.80066
0.64	 0.1	 4	 4	    1.7481	   0.797396	   0.720533	    0.80186
0.66	 0.1	 4	 4	    1.74716	   0.797668	   0.715873	    0.79442
0.68	 0.1	 4	 4	    1.75327	   0.794235	   0.71437	    0.79352
0.7	 0.1	 4	 4	    1.74961	   0.790283	   0.710328	    0.79478
0.72	 0.1	 4	 4	    1.75771	   0.792642	   0.71409	    0.79684
0.74	 0.1	 4	 4	    1.75162	   0.788019	   0.708286	    0.79088
0.76	 0.1	 4	 4	    1.74892	   0.788701	   0.707539	    0.78926
0.78	 0.1	 4	 4	    1.75621	   0.786114	   0.70564	    0.7865
0.8	 0.1	 4	 4	    1.75441	   0.785693	   0.703235	    0.78112
0.82	 0.1	 4	 4	    1.75426	   0.785892	   0.706786	    0.78642
0.84	 0.1	 4	 4	    1.75147	   0.787751	   0.705146	    0.7817
0.86	 0.1	 4	 4	    1.75793	   0.783209	   0.704896	    0.78694
0.88	 0.1	 4	 4	    1.75499	   0.787549	   0.709846	    0.79282
0.9	 0.1	 4	 4	    1.75845	   0.784358	   0.706641	    0.78748
0.92	 0.1	 4	 4	    1.75178	   0.782606	   0.699881	    0.77786
0.94	 0.1	 4	 4	    1.75485	   0.784132	   0.703742	    0.78344
0.96	 0.1	 4	 4	    1.74887	   0.791283	   0.710696	    0.78672
0.98	 0.1	 4	 4	    1.76238	   0.782941	   0.702545	    0.7838
1	 0.1	 4	 4	    1.75443	   0.786469	   0.706907	    0.78734
0.02	 0.1	 4	 4	    0.779677	   0.990357	   0.985683	    0.9905
0.04	 0.1	 4	 4	    0.989709	   0.982933	   0.973728	    0.98222
0.06	 0.1	 4	 4	    1.15017	   0.975436	   0.96346	    0.97366
0.08	 0.1	 4	 4	    1.2675	   0.963961	   0.948949	    0.9664
0.1	 0.1	 4	 4	    1.34675	   0.951897	   0.931905	    0.95284
0.12	 0.1	 4	 4	    1.4196	   0.941513	   0.913551	    0.93812
0.14	 0.1	 4	 4	    1.48516	   0.929958	   0.902134	    0.93272
0.16	 0.1	 4	 4	    1.52068	   0.922366	   0.883847	    0.91806
0.18	 0.1	 4	 4	    1.56169	   0.910516	   0.869112	    0.90832
0.2	 0.1	 4	 4	    1.59236	   0.89894	   0.856408	    0.90152
0.22	 0.1	 4	 4	    1.61038	   0.888677	   0.836322	    0.88182
0.24	 0.1	 4	 4	    1.6439	   0.880774	   0.829566	    0.88318
0.26	 0.1	 4	 4	    1.65341	   0.869451	   0.818461	    0.8751
0.28	 0.1	 4	 4	    1.66086	   0.863463	   0.807234	    0.86486
0.3	 0.1	 4	 4	    1.67822	   0.856173	   0.797696	    0.85804
0.32	 0.1	 4	 4	    1.69056	   0.846192	   0.787404	    0.8514
0.34	 0.1	 4	 4	    1.69969	   0.84191	   0.778806	    0.84468
0.36	 0.1	 4	 4	    1.7018	   0.835779	   0.766659	    0.8336
0.38	 0.1	 4	 4	    1.70684	   0.833465	   0.760995	    0.82674
0.4	 0.1	 4	 4	    1.71365	   0.826851	   0.757771	    0.82842
0.42	 0.1	 4	 4	    1.72055	   0.821615	   0.752356	    0.8277
0.44	 0.1	 4	 4	    1.73541	   0.813405	   0.744626	    0.82196
0.46	 0.1	 4	 4	    1.72881	   0.815029	   0.738944	    0.8104
0.48	 0.1	 4	 4	    1.73293	   0.811546	   0.736483	    0.80874
0.5	 0.1	 4	 4	    1.72983	   0.810049	   0.732107	    0.80608
0.52	 0.1	 4	 4	    1.73812	   0.80885	   0.732871	    0.81136
0.54	 0.1	 4	 4	    1.74305	   0.799854	   0.722771	    0.80264
0.56	 0.1	 4	 4	    1.74104	   0.805805	   0.726295	    0.80134
0.58	 0.1	 4	 4	    1.74689	   0.79915	   0.722683	    0.79934
0.6	 0.1	 4	 4	    1.74853	   0.798841	   0.719816	    0.79646
0.62	 0.1	 4	 4	    1.74215	   0.795681	   0.716274	    0.7939
0.64	 0.1	 4	 4	    1.74856	   0.795073	   0.719075	    0.79884
0.66	 0.1	 4	 4	    1.74873	   0.797386	   0.71823	    0.79868
0.68	 0.1	 4	 4	    1.74789	   0.794899	   0.713578	    0.794
0.7	 0.1	 4	 4	    1.7487	   0.79647	   0.715525	    0.79152
0.72	 0.1	 4	 4	    1.75338	   0.791639	   0.713276	    0.7977
0.74	 0.1	 4	 4	    1.7478	   0.793874	   0.712851	    0.79528
0.76	 0.1	 4	 4	    1.75135	   0.79167	   0.712382	    0.79428
0.78	 0.1	 4	 4	    1.75507	   0.78611	   0.705342	    0.78688
0.8	 0.1	 4	 4	    1.75317	   0.7869	   0.70833	    0.79034
0.82	 0.1	 4	 4	    1.76305	   0.789248	   0.712122	    0.7943
0.84	 0.1	 4	 4	    1.75416	   0.789811	   0.70865	    0.78784
0.86	 0.1	 4	 4	    1.74941	   0.787913	   0.706037	    0.7828
0.88	 0.1	 4	 4	    1.75048	   0.787349	   0.705373	    0.78846
0.9	 0.1	 4	 4	    1.75004	   0.786545	   0.704541	    0.78026
0.92	 0.1	 4	 4	    1.75353	   0.780467	   0.701238	    0.78264
0.94	 0.1	 4	 4	    1.75599	   0.782812	   0.70294	    0.78172
0.96	 0.1	 4	 4	    1.75086	   0.78333	   0.705395	    0.78834
0.98	 0.1	 4	 4	    1.75912	   0.781801	   0.705934	    0.79358
1	 0.1	 4	 4	    1.75781	   0.787476	   0.706704	    0.78294
0.02	 0.1	 4	 4	    0.771789	   0.989782	   0.985402	    0.9905
0.04	 0.1	 4	 4	    0.992571	   0.983048	   0.975258	    0.98394
0.06	 0.1	 4	 4	    1.14807	   0.973766	   0.961819	    0.97244
0.08	 0.1	 4	 4	    1.26095	   0.96405	   0.945824	    0.96266
0.1	 0.1	 4	 4	    1.3519	   0.953079	   0.932649	    0.95414
0.12	 0.1	 4	 4	    1.41919	   0.941878	   0.914308	    0.93992
0.14	 0.1	 4	 4	    1.47857	   0.930252	   0.900906	    0.93316
0.16	 0.1	 4	 4	    1.53155	   0.916863	   0.88304	    0.92004
0.18	 0.1	 4	 4	    1.55844	   0.907719	   0.863154	    0.90336
0.2	 0.1	 4	 4	    1.58637	   0.899974	   0.855513	    0.89962
0.22	 0.1	 4	 4	    1.6176	   0.888142	   0.840279	    0.88818
0.24	 0.1	 4	 4	    1.63604	   0.8799	   0.828047	    0.87828
0.26	 0.1	 4	 4	    1.65671	   0.869612	   0.815883	    0.87006
0.28	 0.1	 4	 4	    1.67324	   0.860922	   0.802757	    0.85976
0.3	 0.1	 4	 4	    1.67635	   0.856111	   0.795888	    0.85444
0.32	 0.1	 4	 4	    1.68656	   0.848011	   0.786265	    0.85064
0.34	 0.1	 4	 4	    1.69682	   0.84046	   0.775716	    0.83936
0.36	 0.1	 4	 4	    1.70493	   0.837365	   0.767538	    0.83346
0.38	 0.1	 4	 4	    1.71097	   0.834233	   0.765532	    0.83234
0.4	 0.1	 4	 4	    1.70746	   0.829387	   0.757103	    0.82292
0.42	 0.1	 4	 4	    1.72542	   0.820659	   0.749217	    0.82348
0.44	 0.1	 4	 4	    1.73125	   0.814824	   0.745865	    0.8219
0.46	 0.1	 4	 4	    1.72363	   0.816796	   0.745278	    0.82368
0.48	 0.1	 4	 4	    1.73703	   0.811579	   0.740249	    0.81342
0.5	 0.1	 4	 4	    1.73637	   0.806273	   0.73041	    0.80808
0.52	 0.1	 4	 4	    1.73962	   0.807416	   0.731338	    0.80852
0.54	 0.1	 4	 4	    1.736	   0.805154	   0.728747	    0.80734
0.56	 0.1	 4	 4	    1.74724	   0.803424	   0.725933	    0.80164
0.58	 0.1	 4	 4	    1.7458	   0.800268	   0.720829	    0.79684
0.6	 0.1	 4	 4	    1.74847	   0.796199	   0.720177	    0.80062
0.62	 0.1	 4	 4	    1.74839	   0.79626	   0.7179	    0.79906
0.64	 0.1	 4	 4	    1.75595	   0.789312	   0.711599	    0.7938
0.66	 0.1	 4	 4	    1.74525	   0.79596	   0.715204	    0.79246
0.68	 0.1	 4	 4	    1.7543	   0.791157	   0.714622	    0.79724
0.7	 0.1	 4	 4	    1.75617	   0.791212	   0.716142	    0.79856
0.72	 0.1	 4	 4	    1.74983	   0.792892	   0.711308	    0.78954
0.74	 0.1	 4	 4	    1.75059	   0.79194	   0.709773	    0.78632
0.76	 0.1	 4	 4	    1.7551	   0.787401	   0.707136	    0.7873
0.78	 0.1	 4	 4	    1.74988	   0.787724	   0.712225	    0.79888
0.8	 0.1	 4	 4	    1.75492	   0.785268	   0.704431	    0.78678
0.82	 0.1	 4	 4	    1.75745	   0.784605	   0.704428	    0.788
0.84	 0.1	 4	 4	    1.75262	   0.786559	   0.710421	    0.79252
0.86	 0.1	 4	 4	    1.75293	   0.788518	   0.706157	    0.78402
0.88	 0.1	 4	 4	    1.75394	   0.783902	   0.700131	    0.77734
0.9	 0.1	 4	 4	    1.757	   0.785806	   0.707201	    0.78888
0.92	 0.1	 4	 4	    1.75345	   0.786141	   0.703805	    0.78378
0.94	 0.1	 4	 4	    1.75278	   0.786307	   0.709179	    0.79158
0.96	 0.1	 4	 4	    1.75387	   0.785247	   0.703852	    0.78356
0.98	 0.1	 4	 4	    1.75379	   0.78277	   0.703602	    0.78452
1	 0.1	 4	 4	    1.75518	   0.782073	   0.703541	    0.78306
0.02	 0.1	 4	 4	    0.77227	   0.99022	   0.986175	    0.99102
0.04	 0.1	 4	 4	    0.991202	   0.983575	   0.975889	    0.98392
0.06	 0.1	 4	 4	    1.14566	   0.97332	   0.962619	    0.97508
0.08	 0.1	 4	 4	    1.26172	   0.961994	   0.945785	    0.96304
0.1	 0.1	 4	 4	    1.35492	   0.951246	   0.931248	    0.95282
0.12	 0.1	 4	 4	    1.42699	   0.942686	   0.918314	    0.94626
0.14	 0.1	 4	 4	    1.47535	   0.929933	   0.899505	    0.93088
0.16	 0.1	 4	 4	    1.52784	   0.92	   0.885343	    0.92138
0.18	 0.1	 4	 4	    1.55308	   0.907604	   0.865559	    0.90458
0.2	 0.1	 4	 4	    1.5896	   0.899256	   0.854332	    0.89756
0.22	 0.1	 4	 4	    1.60863	   0.888341	   0.837905	    0.88464
0.24	 0.1	 4	 4	    1.63246	   0.88087	   0.830043	    0.88044
0.26	 0.1	 4	 4	    1.65498	   0.869525	   0.815807	    0.8741
0.28	 0.1	 4	 4	    1.65787	   0.861399	   0.800685	    0.85424
0.3	 0.1	 4	 4	    1.67561	   0.858284	   0.797523	    0.8568
0.32	 0.1	 4	 4	    1.68601	   0.848158	   0.786419	    0.84906
0.34	 0.1	 4	 4	    1.69724	   0.839452	   0.771952	    0.8364
0.36	 0.1	 4	 4	    1.7072	   0.838268	   0.770752	    0.83874
0.38	 0.1	 4	 4	    1.71235	   0.829583	   0.75978	    0.8267
0.4	 0.1	 4	 4	    1.71299	   0.831283	   0.759604	    0.82784
0.42	 0.1	 4	 4	    1.72348	   0.819684	   0.747439	    0.81734
0.44	 0.1	 4	 4	    1.72101	   0.819217	   0.745071	    0.81732
0.46	 0.1	 4	 4	    1.73315	   0.812446	   0.743083	    0.82084
0.48	 0.1	 4	 4	    1.73171	   0.810389	   0.735553	    0.81126
0.5	 0.1	 4	 4	    1.73608	   0.81183	   0.736569	    0.81176
0.52	 0.1	 4	 4	    1.73949	   0.804856	   0.727895	    0.80802
0.54	 0.1	 4	 4	    1.7325	   0.802239	   0.722355	    0.80012
0.56	 0.1	 4	 4	    1.74228	   0.801232	   0.72394	    0.80184
0.58	 0.1	 4	 4	    1.73581	   0.798438	   0.716954	    0.79524
0.6	 0.1	 4	 4	    1.74537	   0.798483	   0.719137	    0.79828
0.62	 0.1	 4	 4	    1.74543	   0.794386	   0.716304	    0.79564
0.64	 0.1	 4	 4	    1.74817	   0.793548	   0.711642	    0.78824
0.66	 0.1	 4	 4	    1.75131	   0.79361	   0.711739	    0.79154
0.68	 0.1	 4	 4	    1.7454	   0.792509	   0.712246	    0.79214
0.7	 0.1	 4	 4	    1.75624	   0.790472	   0.712601	    0.79624
0.72	 0.1	 4	 4	    1.75544	   0.78641	   0.705325	    0.78676
0.74	 0.1	 4	 4	    1.74985	   0.790408	   0.708823	    0.78738
0.76	 0.1	 4	 4	    1.759	   0.784921	   0.707851	    0.79026
0.78	 0.1	 4	 4	    1.7508	   0.790015	   0.71006	    0.79102
0.8	 0.1	 4	 4	    1.75325	   0.785531	   0.703273	    0.78402
0.82	 0.1	 4	 4	    1.75165	   0.788056	   0.708158	    0.79046
0.84	 0.1	 4	 4	    1.76001	   0.788411	   0.710909	    0.79248
0.86	 0.1	 4	 4	    1.75524	   0.78591	   0.706715	    0.7837
0.88	 0.1	 4	 4	    1.75088	   0.785907	   0.705816	    0.78354
0.9	 0.1	 4	 4	    1.7555	   0.788237	   0.705366	    0.78196
0.92	 0.1	 4	 4	    1.75431	   0.786226	   0.708212	    0.78962
0.94	 0.1	 4	 4	    1.75811	   0.788962	   0.709136	    0.79302
0.96	 0.1	 4	 4	    1.75226	   0.784244	   0.705207	    0.78774
0.98	 0.1	 4	 4	    1.75644	   0.781867	   0.704279	    0.78682
1	 0.1	 4	 4	    1.75605	   0.785896	   0.70874	    0.789
0.02	 0.1	 4	 4	    0.774591	   0.989501	   0.984693	    0.98958
0.04	 0.1	 4	 4	    0.990027	   0.983217	   0.975356	    0.98376
0.06	 0.1	 4	 4	    1.14122	   0.97266	   0.959756	    0.97214
0.08	 0.1	 4	 4	    1.2694	   0.964353	   0.947947	    0.96538
0.1	 0.1	 4	 4	    1.35744	   0.954613	   0.934893	    0.95538
0.12	 0.1	 4	 4	    1.42108	   0.943288	   0.918175	    0.94376
0.14	 0.1	 4	 4	    1.47923	   0.929181	   0.898738	    0.9304
0.16	 0.1	 4	 4	    1.52223	   0.91985	   0.882492	    0.91878
0.18	 0.1	 4	 4	    1.56707	   0.909357	   0.872575	    0.9143
0.2	 0.1	 4	 4	    1.60173	   0.901333	   0.858759	    0.90292
0.22	 0.1	 4	 4	    1.60624	   0.888014	   0.841319	    0.89106
0.24	 0.1	 4	 4	    1.62596	   0.883482	   0.828621	    0.87762
0.26	 0.1	 4	 4	    1.65397	   0.869678	   0.814301	    0.8704
0.28	 0.1	 4	 4	    1.6665	   0.862804	   0.803761	    0.86086
0.3	 0.1	 4	 4	    1.67474	   0.85614	   0.796698	    0.86004
0.32	 0.1	 4	 4	    1.68817	   0.850126	   0.788119	    0.8497
0.34	 0.1	 4	 4	    1.70078	   0.840708	   0.78164	    0.85078
0.36	 0.1	 4	 4	    1.70541	   0.837611	   0.773422	    0.84418
0.38	 0.1	 4	 4	    1.72028	   0.827955	   0.760091	    0.83042
0.4	 0.1	 4	 4	    1.71732	   0.825782	   0.754734	    0.82164
0.42	 0.1	 4	 4	    1.72513	   0.822785	   0.753079	    0.8238
0.44	 0.1	 4	 4	    1.71779	   0.821611	   0.745292	    0.81582
0.46	 0.1	 4	 4	    1.73213	   0.815429	   0.74169	    0.81618
0.48	 0.1	 4	 4	    1.71846	   0.813349	   0.735986	    0.80878
0.5	 0.1	 4	 4	    1.73856	   0.80518	   0.730601	    0.80706
0.52	 0.1	 4	 4	    1.73611	   0.806621	   0.730413	    0.80912
0.54	 0.1	 4	 4	    1.7385	   0.80728	   0.729964	    0.80422
0.56	 0.1	 4	 4	    1.73974	   0.803713	   0.72257	    0.7968
0.58	 0.1	 4	 4	    1.75218	   0.799738	   0.724806	    0.80376
0.6	 0.1	 4	 4	    1.74625	   0.796672	   0.719475	    0.80364
0.62	 0.1	 4	 4	    1.74851	   0.796626	   0.718388	    0.79576
0.64	 0.1	 4	 4	    1.74166	   0.797194	   0.713379	    0.78804
0.66	 0.1	 4	 4	    1.75139	   0.797236	   0.718807	    0.79868
0.68	 0.1	 4	 4	    1.75361	   0.790992	   0.710179	    0.7876
0.7	 0.1	 4	 4	    1.7523	   0.78891	   0.707373	    0.78936
0.72	 0.1	 4	 4	    1.75502	   0.791151	   0.713563	    0.79604
0.74	 0.1	 4	 4	    1.74743	   0.794264	   0.714201	    0.79348
0.76	 0.1	 4	 4	    1.74917	   0.786547	   0.70757	    0.788
0.78	 0.1	 4	 4	    1.75232	   0.785981	   0.705375	    0.78608
0.8	 0.1	 4	 4	    1.75073	   0.787809	   0.709271	    0.79248
0.82	 0.1	 4	 4	    1.75227	   0.791244	   0.710111	    0.7886
0.84	 0.1	 4	 4	    1.75266	   0.788749	   0.710217	    0.79368
0.86	 0.1	 4	 4	    1.75617	   0.784226	   0.699572	    0.77656
0.88	 0.1	 4	 4	    1.75614	   0.785268	   0.706809	    0.78818
0.9	 0.1	 4	 4	    1.75152	   0.785211	   0.7048	    0.78154
0.92	 0.1	 4	 4	    1.75131	   0.784786	   0.706598	    0.78608
0.94	 0.1	 4	 4	    1.74676	   0.785977	   0.706203	    0.7833
0.96	 0.1	 4	 4	    1.75524	   0.782229	   0.702136	    0.78288
0.98	 0.1	 4	 4	    1.75004	   0.78499	   0.706956	    0.78752
1	 0.1	 4	 4	    1.75051	   0.786508	   0.70403	    0.78362
0.02	 0.1	 4	 4	    0.778247	   0.990746	   0.986134	    0.99022
0.04	 0.1	 4	 4	    0.986171	   0.982744	   0.973669	    0.98116
0.06	 0.1	 4	 4	    1.14113	   0.97407	   0.961466	    0.97384
0.08	 0.1	 4	 4	    1.25487	   0.96115	   0.943803	    0.96194
0.1	 0.1	 4	 4	    1.35164	   0.951071	   0.930748	    0.95122
0.12	 0.1	 4	 4	    1.41754	   0.94393	   0.91793	    0.9434
0.14	 0.1	 4	 4	    1.48121	   0.932726	   0.90156	    0.9332
0.16	 0.1	 4	 4	    1.52085	   0.919401	   0.885561	    0.9226
0.18	 0.1	 4	 4	    1.56139	   0.911908	   0.871814	    0.90996
0.2	 0.1	 4	 4	    1.59279	   0.89768	   0.852765	    0.89736
0.22	 0.1	 4	 4	    1.61179	   0.888711	   0.840851	    0.88912
0.24	 0.1	 4	 4	    1.63591	   0.879421	   0.829913	    0.8842
0.26	 0.1	 4	 4	    1.64706	   0.870232	   0.815184	    0.86918
0.28	 0.1	 4	 4	    1.65852	   0.861142	   0.805358	    0.86964
0.3	 0.1	 4	 4	    1.67488	   0.8569	   0.796088	    0.85756
0.32	 0.1	 4	 4	    1.68579	   0.846798	   0.783024	    0.84064
0.34	 0.1	 4	 4	    1.69532	   0.84132	   0.775824	    0.84192
0.36	 0.1	 4	 4	    1.70739	   0.836238	   0.771672	    0.84
0.38	 0.1	 4	 4	    1.70767	   0.830765	   0.763191	    0.83162
0.4	 0.1	 4	 4	    1.71907	   0.829437	   0.757529	    0.82662
0.42	 0.1	 4	 4	    1.72332	   0.821923	   0.749521	    0.82042
0.44	 0.1	 4	 4	    1.71761	   0.823106	   0.747931	    0.81924
0.46	 0.1	 4	 4	    1.73279	   0.81379	   0.742492	    0.81804
0.48	 0.1	 4	 4	    1.7383	   0.811547	   0.7407	    0.82172
0.5	 0.1	 4	 4	    1.73445	   0.804265	   0.731376	    0.80972
0.52	 0.1	 4	 4	    1.73367	   0.807164	   0.730984	    0.8094
0.54	 0.1	 4	 4	    1.73749	   0.805275	   0.729404	    0.8078
0.56	 0.1	 4	 4	    1.74474	   0.805205	   0.726928	    0.80406
0.58	 0.1	 4	 4	    1.74092	   0.800628	   0.72087	    0.7974
0.6	 0.1	 4	 4	    1.74452	   0.798674	   0.721114	    0.80182
0.62	 0.1	 4	 4	    1.74649	   0.798564	   0.720551	    0.7972
0.64	 0.1	 4	 4	    1.74116	   0.797475	   0.718851	    0.79652
0.66	 0.1	 4	 4	    1.74695	   0.796497	   0.716212	    0.79012
0.68	 0.1	 4	 4	    1.75604	   0.792352	   0.715666	    0.79822
0.7	 0.1	 4	 4	    1.75397	   0.792031	   0.716155	    0.79842
0.72	 0.1	 4	 4	    1.74577	   0.791746	   0.713086	    0.79692
0.74	 0.1	 4	 4	    1.75131	   0.79003	   0.711631	    0.79424
0.76	 0.1	 4	 4	    1.75213	   0.789585	   0.707993	    0.7874
0.78	 0.1	 4	 4	    1.75483	   0.787307	   0.708804	    0.79138
0.8	 0.1	 4	 4	    1.75343	   0.78716	   0.704942	    0.78288
0.82	 0.1	 4	 4	    1.75125	   0.787211	   0.707882	    0.78952
0.84	 0.1	 4	 4	    1.75823	   0.78483	   0.706366	    0.78914
0.86	 0.1	 4	 4	    1.75665	   0.784304	   0.703701	    0.7846
0.88	 0.1	 4	 4	    1.754	   0.787196	   0.708251	    0.78824
0.9	 0.1	 4	 4	    1.74595	   0.78896	   0.707316	    0.78312
0.92	 0.1	 4	 4	    1.7493	   0.788587	   0.712366	    0.7945
0.94	 0.1	 4	 4	    1.75351	   0.781348	   0.700397	    0.778
0.96	 0.1	 4	 4	    1.75916	   0.782379	   0.702267	    0.78178
0.98	 0.1	 4	 4	    1.75905	   0.788442	   0.709721	    0.79074
1	 0.1	 4	 4	    1.75113	   0.787956	   0.706273	    0.78542
0.02	 0.1	 4	 4	    0.772643	   0.991095	   0.985847	    0.99012
0.04	 0.1	 4	 4	    0.991982	   0.981989	   0.973325	    0.98092
0.06	 0.1	 4	 4	    1.14955	   0.972867	   0.96071	    0.97246
0.08	 0.1	 4	 4	    1.26293	   0.96409	   0.948075	    0.96594
0.1	 0.1	 4	 4	    1.35133	   0.952828	   0.933438	    0.95492
0.12	 0.1	 4	 4	    1.42152	   0.943617	   0.917567	    0.9412
0.14	 0.1	 4	 4	    1.48794	   0.930936	   0.901887	    0.93292
0.16	 0.1	 4	 4	    1.52731	   0.918882	   0.884364	    0.9199
0.18	 0.1	 4	 4	    1.55923	   0.910189	   0.86983	    0.9092
0.2	 0.1	 4	 4	    1.58354	   0.898017	   0.852008	    0.8943
0.22	 0.1	 4	 4	    1.61752	   0.889729	   0.839404	    0.88634
0.24	 0.1	 4	 4	    1.63098	   0.877382	   0.827115	    0.88018
0.26	 0.1	 4	 4	    1.65132	   0.869795	   0.815994	    0.87314
0.28	 0.1	 4	 4	    1.66684	   0.8642	   0.810491	    0.86966
0.3	 0.1	 4	 4	    1.67996	   0.855798	   0.799521	    0.86216
0.32	 0.1	 4	 4	    1.68615	   0.84965	   0.788712	    0.85268
0.34	 0.1	 4	 4	    1.69842	   0.842973	   0.776235	    0.84042
0.36	 0.1	 4	 4	    1.70341	   0.835447	   0.76553	    0.83312
0.38	 0.1	 4	 4	    1.70773	   0.828788	   0.758891	    0.82472
0.4	 0.1	 4	 4	    1.71392	   0.831455	   0.76102	    0.82788
0.42	 0.1	 4	 4	    1.71865	   0.828189	   0.759094	    0.83006
0.44	 0.1	 4	 4	    1.72442	   0.819382	   0.74558	    0.8166
0.46	 0.1	 4	 4	    1.72715	   0.815419	   0.744013	    0.81698
0.48	 0.1	 4	 4	    1.73577	   0.810205	   0.737275	    0.81204
0.5	 0.1	 4	 4	    1.73429	   0.806141	   0.727692	    0.80074
0.52	 0.1	 4	 4	    1.73898	   0.810178	   0.733751	    0.8113
0.54	 0.1	 4	 4	    1.74558	   0.802006	   0.728768	    0.81278
0.56	 0.1	 4	 4	    1.73711	   0.80334	   0.721736	    0.79826
0.58	 0.1	 4	 4	    1.74254	   0.799958	   0.720387	    0.80086
0.6	 0.1	 4	 4	    1.74625	   0.794774	   0.718226	    0.79694
0.62	 0.1	 4	 4	    1.74684	   0.796795	   0.71798	    0.79826
0.64	 0.1	 4	 4	    1.74611	   0.798209	   0.719055	    0.79812
0.66	 0.1	 4	 4	    1.74665	   0.799181	   0.71491	    0.79182
0.68	 0.1	 4	 4	    1.74255	   0.793929	   0.713664	    0.79192
0.7	 0.1	 4	 4	    1.74893	   0.79468	   0.715983	    0.80072
0.72	 0.1	 4	 4	    1.75779	   0.78771	   0.712464	    0.7963
0.74	 0.1	 4	 4	    1.75463	   0.789639	   0.710216	    0.79238
0.76	 0.1	 4	 4	    1.74988	   0.787856	   0.709122	    0.79222
0.78	 0.1	 4	 4	    1.75435	   0.78905	   0.710994	    0.79414
0.8	 0.1	 4	 4	    1.75629	   0.790217	   0.71165	    0.79228
0.82	 0.1	 4	 4	    1.75703	   0.783846	   0.706274	    0.79298
0.84	 0.1	 4	 4	    1.75552	   0.783186	   0.70362	    0.78412
0.86	 0.1	 4	 4	    1.75457	   0.785058	   0.707368	    0.7894
0.88	 0.1	 4	 4	    1.7608	   0.783373	   0.704983	    0.78922
0.9	 0.1	 4	 4	    1.75754	   0.788747	   0.708824	    0.79056
0.92	 0.1	 4	 4	    1.75508	   0.786363	   0.704891	    0.78458
0.94	 0.1	 4	 4	    1.75064	   0.787063	   0.705941	    0.78546
0.96	 0.1	 4	 4	    1.75494	   0.785873	   0.707823	    0.78854
0.98	 0.1	 4	 4	    1.75633	   0.782031	   0.701605	    0.78782
1	 0.1	 4	 4	    1.75234	   0.780966	   0.699846	    0.78094
0.02	 0.1	 4	 4	    0.777428	   0.990469	   0.985505	    0.99002
0.04	 0.1	 4	 4	    0.996056	   0.982785	   0.975714	    0.98476
0.06	 0.1	 4	 4	    1.15271	   0.973829	   0.961251	    0.9737
0.08	 0.1	 4	 4	    1.26329	   0.96323	   0.946743	    0.96222
0.1	 0.1	 4	 4	    1.34932	   0.952926	   0.9307	    0.95094
0.12	 0.1	 4	 4	    1.42302	   0.942434	   0.916907	    0.94212
0.14	 0.1	 4	 4	    1.47739	   0.931165	   0.899817	    0.93154
0.16	 0.1	 4	 4	    1.52779	   0.917446	   0.88308	    0.92246
0.18	 0.1	 4	 4	    1.5557	   0.908383	   0.866888	    0.90656
0.2	 0.1	 4	 4	    1.59148	   0.90131	   0.858788	    0.90228
0.22	 0.1	 4	 4	    1.62289	   0.887485	   0.843588	    0.89504
0.24	 0.1	 4	 4	    1.64097	   0.876917	   0.825552	    0.87666
0.26	 0.1	 4	 4	    1.65554	   0.871821	   0.816544	    0.86904
0.28	 0.1	 4	 4	    1.66728	   0.863033	   0.802821	    0.86292
0.3	 0.1	 4	 4	    1.67848	   0.853579	   0.792149	    0.85386
0.32	 0.1	 4	 4	    1.6869	   0.846902	   0.787546	    0.84988
0.34	 0.1	 4	 4	    1.69502	   0.845193	   0.779315	    0.84174
0.36	 0.1	 4	 4	    1.702	   0.839463	   0.774068	    0.8417
0.38	 0.1	 4	 4	    1.70879	   0.836141	   0.766569	    0.83132
0.4	 0.1	 4	 4	    1.71948	   0.821929	   0.753208	    0.82574
0.42	 0.1	 4	 4	    1.71899	   0.821362	   0.748312	    0.81772
0.44	 0.1	 4	 4	    1.72132	   0.818952	   0.747351	    0.81962
0.46	 0.1	 4	 4	    1.72373	   0.818338	   0.74182	    0.81344
0.48	 0.1	 4	 4	    1.73523	   0.811615	   0.738316	    0.81144
0.5	 0.1	 4	 4	    1.73183	   0.810336	   0.735285	    0.80778
0.52	 0.1	 4	 4	    1.737	   0.802652	   0.723448	    0.80242
0.54	 0.1	 4	 4	    1.74539	   0.802609	   0.723606	    0.79924
0.56	 0.1	 4	 4	    1.7415	   0.802424	   0.726554	    0.80236
0.58	 0.1	 4	 4	    1.74609	   0.801148	   0.723363	    0.80388
0.6	 0.1	 4	 4	    1.74599	   0.795471	   0.716574	    0.79866
0.62	 0.1	 4	 4	    1.74142	   0.795463	   0.713344	    0.7903
0.64	 0.1	 4	 4	    1.74869	   0.794937	   0.712363	    0.7895
0.66	 0.1	 4	 4	    1.7518	   0.79077	   0.712776	    0.80072
0.68	 0.1	 4	 4	    1.74772	   0.791252	   0.710707	    0.78684
0.7	 0.1	 4	 4	    1.75406	   0.79371	   0.715336	    0.79164
0.72	 0.1	 4	 4	    1.74805	   0.795048	   0.712613	    0.7877
0.74	 0.1	 4	 4	    1.7523	   0.78663	   0.704624	    0.78814
0.76	 0.1	 4	 4	    1.74701	   0.788574	   0.708814	    0.78948
0.78	 0.1	 4	 4	    1.751	   0.791112	   0.711974	    0.7899
0.8	 0.1	 4	 4	    1.75463	   0.789203	   0.707657	    0.78872
0.82	 0.1	 4	 4	    1.75694	   0.786956	   0.708195	    0.78786
0.84	 0.1	 4	 4	    1.75232	   0.787471	   0.707996	    0.7849
0.86	 0.1	 4	 4	    1.75473	   0.789709	   0.71208	    0.79418
0.88	 0.1	 4	 4	    1.75218	   0.786202	   0.707703	    0.78612
0.9	 0.1	 4	 4	    1.75243	   0.787643	   0.703591	    0.77922
0.92	 0.1	 4	 4	    1.75988	   0.786702	   0.709583	    0.79076
0.94	 0.1	 4	 4	    1.7512	   0.788358	   0.706986	    0.78638
0.96	 0.1	 4	 4	    1.75832	   0.784576	   0.704548	    0.78286
0.98	 0.1	 4	 4	    1.75877	   0.784207	   0.705124	    0.7857
1	 0.1	 4	 4	    1.75662	   0.782418	   0.701676	    0.78456
