0.1	 0.2	 10.5	 4	    -2.33284	   0.991874	   0.98731	    0.9915
0.1	 0.2	 11	 4	    -2.70445	   0.992583	   0.988586	    0.9921
0.1	 0.2	 11.5	 4	    -3.0838	   0.993818	   0.991153	    0.9949
0.1	 0.2	 12	 4	    -3.4697	   0.99467	   0.992101	    0.9947
0.1	 0.2	 12.5	 4	    -3.8527	   0.995451	   0.993443	    0.9958
0.1	 0.2	 13	 4	    -4.24604	   0.996436	   0.994433	    0.9962
0.1	 0.2	 13.5	 4	    -4.64767	   0.996812	   0.995515	    0.9969
0.1	 0.2	 14	 4	    -5.05416	   0.997341	   0.995409	    0.9965
0.1	 0.2	 14.5	 4	    -5.45443	   0.997862	   0.996738	    0.9979
0.1	 0.2	 15	 4	    -5.87126	   0.998666	   0.998294	    0.9988
0.1	 0.2	 15.5	 4	    -6.28789	   0.998262	   0.99739	    0.9984
0.1	 0.2	 16	 4	    -6.70697	   0.999117	   0.998658	    0.9991
0.1	 0.2	 16.5	 4	    -7.13683	   0.998871	   0.998196	    0.9985
0.1	 0.2	 17	 4	    -7.56712	   0.99915	   0.998814	    0.9992
0.1	 0.2	 17.5	 4	    -7.99355	   0.999288	   0.99899	    0.9993
0.1	 0.2	 18	 4	    -8.4338	   0.999387	   0.999022	    0.9995
0.1	 0.2	 18.5	 4	    -8.86853	   0.999307	   0.999119	    0.9996
0.1	 0.2	 19	 4	    -9.31485	   0.99955	   0.999207	    0.9994
0.1	 0.2	 19.5	 4	    -9.76323	   0.999672	   0.999492	    0.9998
0.1	 0.2	 10.5	 4	    -2.33245	   0.990275	   0.986294	    0.9914
0.1	 0.2	 11	 4	    -2.70564	   0.992419	   0.987951	    0.9916
0.1	 0.2	 11.5	 4	    -3.08239	   0.993927	   0.99042	    0.9934
0.1	 0.2	 12	 4	    -3.4629	   0.99481	   0.992104	    0.9947
0.1	 0.2	 12.5	 4	    -3.85387	   0.995674	   0.993022	    0.9949
0.1	 0.2	 13	 4	    -4.24956	   0.996515	   0.994579	    0.9969
0.1	 0.2	 13.5	 4	    -4.64853	   0.996979	   0.994937	    0.9965
0.1	 0.2	 14	 4	    -5.04732	   0.997599	   0.996122	    0.9971
0.1	 0.2	 14.5	 4	    -5.45991	   0.997967	   0.997089	    0.9983
0.1	 0.2	 15	 4	    -5.87061	   0.998272	   0.997591	    0.9985
0.1	 0.2	 15.5	 4	    -6.28604	   0.998368	   0.997781	    0.9988
0.1	 0.2	 16	 4	    -6.70922	   0.999276	   0.998641	    0.9991
0.1	 0.2	 16.5	 4	    -7.1339	   0.999028	   0.998675	    0.9994
0.1	 0.2	 17	 4	    -7.56805	   0.999317	   0.998825	    0.9993
0.1	 0.2	 17.5	 4	    -8.00041	   0.999241	   0.998803	    0.9993
0.1	 0.2	 18	 4	    -8.42835	   0.999216	   0.998932	    0.9994
0.1	 0.2	 18.5	 4	    -8.86978	   0.999502	   0.999242	    0.9995
0.1	 0.2	 19	 4	    -9.31401	   0.999449	   0.999128	    0.9995
0.1	 0.2	 19.5	 4	    -9.75805	   0.999504	   0.999241	    0.9993
0.1	 0.2	 10.5	 4	    -2.3347	   0.991463	   0.987013	    0.9916
0.1	 0.2	 11	 4	    -2.70226	   0.992619	   0.989254	    0.9932
0.1	 0.2	 11.5	 4	    -3.08223	   0.993832	   0.989873	    0.9927
0.1	 0.2	 12	 4	    -3.46322	   0.994863	   0.991475	    0.9936
0.1	 0.2	 12.5	 4	    -3.84873	   0.995553	   0.993121	    0.9954
0.1	 0.2	 13	 4	    -4.24364	   0.996187	   0.993861	    0.9957
0.1	 0.2	 13.5	 4	    -4.64597	   0.996268	   0.994197	    0.9956
0.1	 0.2	 14	 4	    -5.04271	   0.997097	   0.996103	    0.9974
0.1	 0.2	 14.5	 4	    -5.45864	   0.997879	   0.996806	    0.9979
0.1	 0.2	 15	 4	    -5.86993	   0.998348	   0.997552	    0.9984
0.1	 0.2	 15.5	 4	    -6.28853	   0.998501	   0.998038	    0.9989
0.1	 0.2	 16	 4	    -6.70753	   0.999006	   0.998253	    0.9989
0.1	 0.2	 16.5	 4	    -7.13456	   0.999069	   0.998634	    0.9992
0.1	 0.2	 17	 4	    -7.56755	   0.999233	   0.998668	    0.9991
0.1	 0.2	 17.5	 4	    -7.99095	   0.999263	   0.998723	    0.9992
0.1	 0.2	 18	 4	    -8.4358	   0.999144	   0.998979	    0.9994
0.1	 0.2	 18.5	 4	    -8.87269	   0.999619	   0.999404	    0.9996
0.1	 0.2	 19	 4	    -9.31835	   0.999644	   0.999351	    0.9995
0.1	 0.2	 19.5	 4	    -9.75526	   0.99976	   0.99976	    1
0.1	 0.2	 10.5	 4	    -2.33292	   0.991218	   0.986766	    0.9905
0.1	 0.2	 11	 4	    -2.70553	   0.993095	   0.990198	    0.9942
0.1	 0.2	 11.5	 4	    -3.08265	   0.994247	   0.991027	    0.9944
0.1	 0.2	 12	 4	    -3.46496	   0.994732	   0.992515	    0.9949
0.1	 0.2	 12.5	 4	    -3.85584	   0.995794	   0.99324	    0.9957
0.1	 0.2	 13	 4	    -4.24775	   0.996325	   0.994804	    0.9965
0.1	 0.2	 13.5	 4	    -4.65221	   0.997135	   0.995686	    0.997
0.1	 0.2	 14	 4	    -5.05225	   0.997243	   0.996397	    0.9979
0.1	 0.2	 14.5	 4	    -5.4638	   0.997943	   0.996682	    0.9977
0.1	 0.2	 15	 4	    -5.876	   0.998107	   0.997284	    0.9981
0.1	 0.2	 15.5	 4	    -6.28596	   0.998558	   0.998122	    0.999
0.1	 0.2	 16	 4	    -6.70606	   0.998868	   0.99829	    0.9989
0.1	 0.2	 16.5	 4	    -7.13843	   0.999211	   0.99897	    0.9995
0.1	 0.2	 17	 4	    -7.562	   0.999304	   0.998978	    0.9995
0.1	 0.2	 17.5	 4	    -7.99507	   0.999175	   0.998939	    0.9994
0.1	 0.2	 18	 4	    -8.43017	   0.999457	   0.999025	    0.9992
0.1	 0.2	 18.5	 4	    -8.87063	   0.999338	   0.999131	    0.9995
0.1	 0.2	 19	 4	    -9.31854	   0.999556	   0.999281	    0.9996
0.1	 0.2	 19.5	 4	    -9.76354	   0.999449	   0.99894	    0.999
0.1	 0.2	 10.5	 4	    -2.3364	   0.990947	   0.986082	    0.9917
0.1	 0.2	 11	 4	    -2.71028	   0.991542	   0.987291	    0.9904
0.1	 0.2	 11.5	 4	    -3.08647	   0.993707	   0.991452	    0.9953
0.1	 0.2	 12	 4	    -3.46721	   0.995083	   0.992115	    0.9944
0.1	 0.2	 12.5	 4	    -3.86096	   0.995656	   0.99345	    0.9954
0.1	 0.2	 13	 4	    -4.25019	   0.996603	   0.995254	    0.9971
0.1	 0.2	 13.5	 4	    -4.64799	   0.997152	   0.99547	    0.9972
0.1	 0.2	 14	 4	    -5.04607	   0.99725	   0.995714	    0.9971
0.1	 0.2	 14.5	 4	    -5.45961	   0.998001	   0.996693	    0.9978
0.1	 0.2	 15	 4	    -5.8797	   0.997754	   0.996598	    0.9974
0.1	 0.2	 15.5	 4	    -6.28995	   0.998493	   0.997692	    0.9985
0.1	 0.2	 16	 4	    -6.70831	   0.998438	   0.997906	    0.9991
0.1	 0.2	 16.5	 4	    -7.13156	   0.999272	   0.998836	    0.9993
0.1	 0.2	 17	 4	    -7.56147	   0.999191	   0.99874	    0.9993
0.1	 0.2	 17.5	 4	    -7.99901	   0.999311	   0.998921	    0.9995
0.1	 0.2	 18	 4	    -8.43177	   0.999397	   0.999363	    0.9997
0.1	 0.2	 18.5	 4	    -8.87205	   0.999479	   0.999178	    0.9995
0.1	 0.2	 19	 4	    -9.31094	   0.999729	   0.999729	    1
0.1	 0.2	 19.5	 4	    -9.75671	   0.999803	   0.999598	    0.9997
0.1	 0.2	 3	 4	    2.08817	   0.815172	   0.745112	    0.82264
0.1	 0.2	 3.5	 4	    1.90377	   0.851744	   0.792821	    0.85594
0.1	 0.2	 4	 4	    1.69417	   0.884465	   0.835851	    0.88434
0.1	 0.2	 4.5	 4	    1.46311	   0.903425	   0.863237	    0.90666
0.1	 0.2	 5	 4	    1.20895	   0.922049	   0.887897	    0.92422
0.1	 0.2	 5.5	 4	    0.947321	   0.936991	   0.908535	    0.93724
0.1	 0.2	 6	 4	    0.656516	   0.949831	   0.925618	    0.948
0.1	 0.2	 6.5	 4	    0.368032	   0.959035	   0.939927	    0.9596
0.1	 0.2	 7	 4	    0.0617606	   0.966807	   0.951709	    0.9658
0.1	 0.2	 7.5	 4	    -0.253077	   0.97326	   0.96087	    0.9742
0.1	 0.2	 8	 4	    -0.581217	   0.97821	   0.968055	    0.9792
0.1	 0.2	 8.5	 4	    -0.915683	   0.981126	   0.971774	    0.9816
0.1	 0.2	 9	 4	    -1.26115	   0.984502	   0.975798	    0.9831
0.1	 0.2	 9.5	 4	    -1.60636	   0.987234	   0.982665	    0.9901
0.1	 0.2	 10	 4	    -1.96922	   0.989227	   0.984931	    0.9907
0.1	 0.2	 3	 4	    2.08738	   0.8192	   0.743314	    0.81278
0.1	 0.2	 3.5	 4	    1.89282	   0.859042	   0.797366	    0.85364
0.1	 0.2	 4	 4	    1.68963	   0.881196	   0.829985	    0.8817
0.1	 0.2	 4.5	 4	    1.46632	   0.906656	   0.867134	    0.90962
0.1	 0.2	 5	 4	    1.21298	   0.923629	   0.89275	    0.9283
0.1	 0.2	 5.5	 4	    0.939701	   0.940775	   0.912401	    0.9391
0.1	 0.2	 6	 4	    0.661262	   0.951246	   0.929372	    0.95222
0.1	 0.2	 6.5	 4	    0.370423	   0.958917	   0.940888	    0.9599
0.1	 0.2	 7	 4	    0.0671812	   0.966142	   0.952805	    0.9698
0.1	 0.2	 7.5	 4	    -0.253622	   0.973308	   0.960339	    0.97362
0.1	 0.2	 8	 4	    -0.578823	   0.977328	   0.965786	    0.9767
0.1	 0.2	 8.5	 4	    -0.919148	   0.981241	   0.972539	    0.9817
0.1	 0.2	 9	 4	    -1.25979	   0.984945	   0.977343	    0.9856
0.1	 0.2	 9.5	 4	    -1.61096	   0.986272	   0.980104	    0.9863
0.1	 0.2	 10	 4	    -1.96773	   0.989234	   0.983706	    0.9884
0.1	 0.2	 3	 4	    2.08969	   0.820807	   0.746635	    0.81948
0.1	 0.2	 3.5	 4	    1.90551	   0.856714	   0.794334	    0.85502
0.1	 0.2	 4	 4	    1.69218	   0.879182	   0.828981	    0.88218
0.1	 0.2	 4.5	 4	    1.46455	   0.905183	   0.863738	    0.90506
0.1	 0.2	 5	 4	    1.20719	   0.924324	   0.89023	    0.92222
0.1	 0.2	 5.5	 4	    0.949925	   0.93872	   0.91331	    0.9428
0.1	 0.2	 6	 4	    0.65961	   0.948593	   0.924502	    0.94692
0.1	 0.2	 6.5	 4	    0.370613	   0.959537	   0.940486	    0.95962
0.1	 0.2	 7	 4	    0.0714583	   0.967063	   0.952236	    0.9689
0.1	 0.2	 7.5	 4	    -0.254019	   0.971835	   0.960018	    0.9749
0.1	 0.2	 8	 4	    -0.580622	   0.977485	   0.966322	    0.9767
0.1	 0.2	 8.5	 4	    -0.915101	   0.980756	   0.972486	    0.982
0.1	 0.2	 9	 4	    -1.25505	   0.983596	   0.976267	    0.9845
0.1	 0.2	 9.5	 4	    -1.61384	   0.986801	   0.980438	    0.9877
0.1	 0.2	 10	 4	    -1.96238	   0.989493	   0.984596	    0.9899
0.1	 0.2	 3	 4	    2.09193	   0.815472	   0.745962	    0.82288
0.1	 0.2	 3.5	 4	    1.90443	   0.852173	   0.796448	    0.85954
0.1	 0.2	 4	 4	    1.69201	   0.886217	   0.836756	    0.8859
0.1	 0.2	 4.5	 4	    1.45659	   0.908556	   0.867878	    0.90926
0.1	 0.2	 5	 4	    1.20783	   0.923151	   0.890614	    0.9271
0.1	 0.2	 5.5	 4	    0.943536	   0.938873	   0.913058	    0.9412
0.1	 0.2	 6	 4	    0.664224	   0.952028	   0.929217	    0.9517
0.1	 0.2	 6.5	 4	    0.362671	   0.961407	   0.940897	    0.9593
0.1	 0.2	 7	 4	    0.0601014	   0.967574	   0.952211	    0.9681
0.1	 0.2	 7.5	 4	    -0.253208	   0.972186	   0.958668	    0.97312
0.1	 0.2	 8	 4	    -0.577324	   0.978376	   0.96666	    0.9767
0.1	 0.2	 8.5	 4	    -0.910717	   0.982323	   0.973764	    0.9829
0.1	 0.2	 9	 4	    -1.2583	   0.985698	   0.979015	    0.9862
0.1	 0.2	 9.5	 4	    -1.60976	   0.98817	   0.982775	    0.9885
0.1	 0.2	 10	 4	    -1.95993	   0.989969	   0.985657	    0.991
0.1	 0.2	 3	 4	    2.09141	   0.815969	   0.741054	    0.81426
0.1	 0.2	 3.5	 4	    1.90325	   0.854388	   0.792822	    0.85434
0.1	 0.2	 4	 4	    1.6912	   0.884515	   0.835585	    0.88494
0.1	 0.2	 4.5	 4	    1.4576	   0.90729	   0.867178	    0.91054
0.1	 0.2	 5	 4	    1.20585	   0.924061	   0.891114	    0.92572
0.1	 0.2	 5.5	 4	    0.938929	   0.936216	   0.906727	    0.9347
0.1	 0.2	 6	 4	    0.66126	   0.951054	   0.928249	    0.9502
0.1	 0.2	 6.5	 4	    0.37109	   0.958994	   0.940175	    0.9597
0.1	 0.2	 7	 4	    0.0585893	   0.966342	   0.950211	    0.96662
0.1	 0.2	 7.5	 4	    -0.256451	   0.971726	   0.95942	    0.972
0.1	 0.2	 8	 4	    -0.586854	   0.977589	   0.965446	    0.9764
0.1	 0.2	 8.5	 4	    -0.917517	   0.981408	   0.972096	    0.9808
0.1	 0.2	 9	 4	    -1.25959	   0.985117	   0.977246	    0.9845
0.1	 0.2	 9.5	 4	    -1.61073	   0.987163	   0.980294	    0.9863
0.1	 0.2	 10	 4	    -1.96487	   0.988669	   0.983558	    0.9891
0.1	 0.2	 3	 4	    2.09215	   0.809827	   0.734741	    0.81008
0.1	 0.2	 3.5	 4	    1.90032	   0.858267	   0.797928	    0.86054
